1723097551775 1.8540086957122748 0
1723097551776 1.8113199039329662 0
1723097551776 1.7715138820791296 0
1723097551777 1.7350676711934243 0
1723097551778 1.7021093842935644 0
1723097551779 1.6723252737839223 0
1723097551780 1.6454018310102434 0
1723097551781 1.6196802427456638 0
1723097551782 1.5964905725098226 0
1723097551782 1.5752616764722522 0
1723097551783 1.5554971138492812 0
1723097551784 1.537127443193989 0
1723097551785 1.5204144888890776 0
1723097551786 1.5050287481913902 0
1723097551786 1.4910065968125328 0
1723097551787 1.477703048861477 0
1723097551788 1.465886116343529 0
1723097551789 1.454754995614173 0
1723097551789 1.444554831391213 0
1723097551790 1.4351776750901923 0
1723097551791 1.4264014618433232 0
1723097551792 1.4180656507907212 0
1723097551792 1.4105916851975848 0
1723097551793 1.4035539624051465 0
1723097551794 1.3971488957033649 0
1723097551795 1.3911960874324316 0
1723097551795 1.385527347356087 0
1723097551796 1.3802260490140346 0
1723097551797 1.3750627698562818 0
1723097551798 1.3704756231812874 0
1723097551798 1.3664051697711883 0
1723097551799 1.3619682084201221 0
1723097551800 1.358213173194321 0
1723097551801 1.3544979871548848 0
1723097551801 1.3512492578803101 0
1723097551802 1.3480194553609237 0
1723097551803 1.345052679552662 0
1723097551804 1.3421912757774759 0
1723097551804 1.339553966877192 0
1723097551805 1.3370888733537918 0
1723097551806 1.3348407811882648 0
1723097551807 1.332692188302836 0
1723097551807 1.3305821824975312 0
1723097551808 1.3286593985680035 0
1723097551809 1.326542324593756 0
1723097551809 1.3248216092741043 0
1723097551810 1.3231204297864823 0
1723097551811 1.321560971744057 0
1723097551812 1.3199558285631192 0
1723097551812 1.3184910193694201 0
1723097551813 1.316666429363393 0
1723097551814 1.3153131805347085 0
1723097551815 1.3139144107631064 0
1723097551815 1.3126840626156104 0
1723097551816 1.3112776620421345 0
1723097551817 1.3101787346257265 0
1723097551818 1.3089642959201189 0
1723097551818 1.3076589153551201 0
1723097551819 1.3066885092895957 0
1723097551820 1.3057490943876067 0
1723097551821 1.3048365367397028 0
1723097551821 1.303991306461965 0
1723097551822 1.3030941746343518 0
1723097551823 1.3022207443889366 0
1723097551824 1.3011035885488482 0
1723097551824 1.3001575001150374 0
1723097551825 1.2993423420475592 0
1723097551826 1.2986493811143007 0
1723097551827 1.2979884929520027 0
1723097551827 1.297274350431211 0
1723097551828 1.2964640449243265 0
1723097551829 1.295648604440143 0
1723097551830 1.2950534114881544 0
1723097551830 1.2943230532956793 0
1723097551831 1.2936929886049229 0
1723097551832 1.2931406922974267 0
1723097551833 1.2924909247518548 0
1723097551833 1.2917911833113054 0
1723097551834 1.2912201642235435 0
1723097551835 1.2906036902261824 0
1723097551836 1.2901272206761991 0
1723097551836 1.2895632585187113 0
1723097551837 1.2891982926118053 0
1723097551838 1.2887883105293454 0
1723097551839 1.2884561142811406 0
1723097551839 1.2878250087641607 0
1723097551840 1.2870861570198548 0
1723097551841 1.2868603123833628 0
1723097551842 1.2864471449486632 0
1723097551842 1.286030446887593 0
1723097551843 1.2855048853643243 0
1723097551844 1.2853025109782499 0
1723097551845 1.2849189530078153 0
1723097551846 1.2845195204549815 0
1723097551846 1.284328855424049 0
1723097551847 1.283892336052973 0
1723097551848 1.2835515574888192 0
1723097551849 1.283375583895764 0
1723097551850 1.2829210442871806 0
1723097551850 1.2823725685382676 0
