1723097583620 1.844792816144197 0
1723097583621 1.7946058009344468 0
1723097583622 1.7483149786482703 0
1723097583623 1.7056118883943427 0
1723097583624 1.6685287306888208 0
1723097583625 1.6328862378140194 0
1723097583625 1.5999620436110706 0
1723097583626 1.5697771356295684 0
1723097583627 1.5431779338914828 0
1723097583628 1.5183454547975366 0
1723097583629 1.4961346091107597 0
1723097583629 1.4748992222181843 0
1723097583630 1.4565810909125694 0
1723097583631 1.4389924257082105 0
1723097583632 1.422652914816846 0
1723097583632 1.4086149736188116 0
1723097583633 1.3952920507496123 0
1723097583634 1.383319368912511 0
1723097583635 1.3719815349392959 0
1723097583635 1.3615755006738213 0
1723097583636 1.351629313789845 0
1723097583637 1.3425999979002121 0
1723097583638 1.3344146539029351 0
1723097583639 1.3265640469707405 0
1723097583639 1.3197632860457131 0
1723097583640 1.3129634159830401 0
1723097583641 1.3063025426081614 0
1723097583642 1.3011939542312538 0
1723097583642 1.2952895611895385 0
1723097583643 1.2905678852798022 0
1723097583644 1.2857997618151384 0
1723097583645 1.280551345935338 0
1723097583645 1.2765019227871754 0
1723097583646 1.2724224265339341 0
1723097583647 1.2685548199347314 0
1723097583648 1.2645009738922368 0
1723097583649 1.2611466411258765 0
1723097583649 1.257456421986775 0
1723097583650 1.2546207442322705 0
1723097583651 1.2516303958307233 0
1723097583652 1.2491188288213426 0
1723097583652 1.2461901981488486 0
1723097583653 1.2436913608825368 0
1723097583654 1.2414917912404078 0
1723097583655 1.238781790217892 0
1723097583655 1.2366799302875877 0
1723097583656 1.234329503417386 0
1723097583657 1.2319029413757945 0
1723097583658 1.2302553394141056 0
1723097583658 1.2284009092777495 0
1723097583659 1.2257589446623423 0
1723097583660 1.2239060264692194 0
1723097583661 1.2213013830943693 0
1723097583662 1.2193215183141817 0
1723097583662 1.2171608896359885 0
1723097583663 1.2159559661051147 0
1723097583664 1.213727715568596 0
1723097583665 1.211443500040197 0
1723097583665 1.209852104971815 0
1723097583666 1.2079534208528897 0
1723097583667 1.2063307211936931 0
1723097583668 1.2040095523324796 0
1723097583668 1.2016033667892985 0
1723097583669 1.2004787002456327 0
1723097583670 1.1989953862027427 0
1723097583671 1.1974801703253068 0
1723097583671 1.1955783573112149 0
1723097583672 1.1935052299123527 0
1723097583673 1.1920581371943586 0
1723097583674 1.190862948777151 0
1723097583675 1.1896826586535956 0
1723097583675 1.1883889212213787 0
1723097583676 1.1867502323275334 0
1723097583677 1.185049575907757 0
1723097583678 1.1832261460625886 0
1723097583678 1.1825041557276301 0
1723097583679 1.1813757866198082 0
1723097583680 1.1788407889292603 0
1723097583681 1.1773664317796282 0
1723097583682 1.1764167853182517 0
1723097583682 1.1753231352390174 0
1723097583683 1.1737662786472847 0
1723097583684 1.1726501330396186 0
1723097583685 1.1717529085340908 0
1723097583685 1.1707785918900113 0
1723097583686 1.1688220457953888 0
1723097583687 1.168098396536647 0
1723097583688 1.1672308208067237 0
1723097583689 1.165710726783635 0
1723097583689 1.164963720487227 0
1723097583690 1.1643563554224692 0
1723097583691 1.1624774988623998 0
1723097583692 1.1609314763031822 0
1723097583693 1.160171694322284 0
1723097583694 1.1592939240509526 0
1723097583695 1.157967052691843 0
1723097583695 1.1565507737382101 0
1723097583696 1.156125196383048 0
1723097583697 1.1552921623171317 0
1723097583698 1.153989463625189 0
