1723097560774 1.858121586443296 0
1723097560774 1.8181144620333862 0
1723097560775 1.7853032202106538 0
1723097560776 1.7546284086410744 0
1723097560778 1.7231415356858122 0
1723097560778 1.698212971874109 0
1723097560779 1.6677237335867974 0
1723097560780 1.6404673286350095 0
1723097560781 1.6154555206088073 0
1723097560781 1.5947899497985218 0
1723097560782 1.5758674059340316 0
1723097560783 1.5559164835920691 0
1723097560784 1.5373834940159135 0
1723097560784 1.5221740438876448 0
1723097560785 1.506626666200961 0
1723097560786 1.494093440165578 0
1723097560787 1.4801585952050356 0
1723097560787 1.4679271518450505 0
1723097560788 1.4560048031216817 0
1723097560789 1.4465624549764582 0
1723097560790 1.4364150086942773 0
1723097560791 1.4279659269575866 0
1723097560791 1.41906021862166 0
1723097560792 1.413561870572345 0
1723097560793 1.405913346875555 0
1723097560794 1.399564265659259 0
1723097560795 1.392960403473564 0
1723097560795 1.3867001267110755 0
1723097560796 1.3808401327916082 0
1723097560797 1.3755410302880169 0
1723097560798 1.3706175102436866 0
1723097560798 1.3662114164181982 0
1723097560799 1.3617039617355462 0
1723097560800 1.357627011530848 0
1723097560801 1.3538560938152895 0
1723097560801 1.3502781326055942 0
1723097560802 1.3469039654233226 0
1723097560803 1.343743862075301 0
1723097560804 1.341042871318693 0
1723097560804 1.3380499152850998 0
1723097560805 1.3357261282204937 0
1723097560806 1.3331266495805567 0
1723097560807 1.3307865667324195 0
1723097560807 1.3285864639812703 0
1723097560808 1.3266974129581595 0
1723097560809 1.324797408613264 0
1723097560810 1.3231319183696049 0
1723097560810 1.321544511420534 0
1723097560811 1.3200063942314109 0
1723097560812 1.318449287138438 0
1723097560813 1.3170665065044056 0
1723097560814 1.315757596333561 0
1723097560814 1.3145931409476193 0
1723097560815 1.3132510425323956 0
1723097560816 1.3121927511130225 0
1723097560817 1.3110313656459065 0
1723097560817 1.3098743630348433 0
1723097560818 1.3086194992717055 0
1723097560819 1.3074187120735223 0
1723097560820 1.306357979875255 0
1723097560820 1.3054298348146007 0
1723097560821 1.3042804590390442 0
1723097560822 1.3031376389832254 0
1723097560823 1.3022937519809823 0
1723097560823 1.3015252168413929 0
1723097560824 1.300693393105069 0
1723097560825 1.299715622099079 0
1723097560826 1.2986491409844858 0
1723097560827 1.2978887643122123 0
1723097560827 1.297353114397361 0
1723097560828 1.2965559584016104 0
1723097560829 1.2955882864975778 0
1723097560830 1.2950184519954282 0
1723097560830 1.2941055446103182 0
1723097560831 1.2932181083897045 0
1723097560832 1.2926592650585014 0
1723097560833 1.2921140777209197 0
1723097560833 1.2913384279266578 0
1723097560834 1.2908136032759696 0
1723097560835 1.290336435786883 0
1723097560836 1.2898461086314221 0
1723097560836 1.289324180871833 0
1723097560837 1.288996120626996 0
1723097560838 1.2886201202476435 0
1723097560839 1.2878175542559815 0
1723097560839 1.2872773751821502 0
1723097560840 1.2867265176364366 0
1723097560841 1.2862090262775672 0
1723097560842 1.2860014773650192 0
1723097560842 1.2855393575681557 0
1723097560843 1.2850105573180517 0
1723097560844 1.2847354364979857 0
1723097560845 1.2841888057884554 0
1723097560846 1.2836774063815355 0
1723097560847 1.2835114507071925 0
1723097560848 1.283082738256992 0
1723097560848 1.2827406705794093 0
1723097560849 1.2824205506063162 0
1723097560850 1.2820557210601875 0
1723097560851 1.2816968416581982 0
