1723097586907 1.845305201204127 0
1723097586908 1.7975164533175134 0
1723097586909 1.7535818136454562 0
1723097586910 1.7105458639798874 0
1723097586911 1.6730994703269937 0
1723097586912 1.6378278729282842 0
1723097586912 1.6067558620904943 0
1723097586913 1.577913314399916 0
1723097586914 1.5506390412920277 0
1723097586915 1.5250719733727993 0
1723097586915 1.5015190314110205 0
1723097586916 1.4802959371665658 0
1723097586917 1.4609297101891348 0
1723097586918 1.4433146927930833 0
1723097586918 1.4279639306623528 0
1723097586919 1.412651023574787 0
1723097586920 1.398774422239723 0
1723097586921 1.386060948449632 0
1723097586922 1.3746247126328048 0
1723097586922 1.3640839919079502 0
1723097586923 1.3537680528389078 0
1723097586924 1.344637483764124 0
1723097586925 1.3366693950802448 0
1723097586925 1.3288233006242953 0
1723097586926 1.3214233642648272 0
1723097586927 1.3142185040157444 0
1723097586928 1.3077694158333504 0
1723097586928 1.301586410762684 0
1723097586929 1.2957256311728513 0
1723097586930 1.2900710606716779 0
1723097586931 1.2850638290804386 0
1723097586931 1.280962932531717 0
1723097586932 1.2766657803972437 0
1723097586933 1.2725924923919383 0
1723097586934 1.2685348102251495 0
1723097586935 1.2649522285929136 0
1723097586935 1.2617897410705745 0
1723097586936 1.258505340438268 0
1723097586937 1.2550920990095278 0
1723097586938 1.252529373460504 0
1723097586938 1.2488657440786515 0
1723097586939 1.2459673999531875 0
1723097586940 1.2434706041846866 0
1723097586941 1.2408980591727803 0
1723097586942 1.2386187122518533 0
1723097586942 1.2363865180820313 0
1723097586943 1.2345893112643038 0
1723097586944 1.2324124100866904 0
1723097586945 1.2299981605101864 0
1723097586945 1.2271017149704069 0
1723097586946 1.225045836949862 0
1723097586947 1.223512749320125 0
1723097586948 1.221272991086503 0
1723097586948 1.2197937019617011 0
1723097586949 1.2182816245026746 0
1723097586950 1.216723865693951 0
1723097586951 1.2140921955214785 0
1723097586952 1.2123479268229234 0
1723097586952 1.2103424729420798 0
1723097586953 1.2091804338940535 0
1723097586954 1.2072098426216176 0
1723097586955 1.2059244905392654 0
1723097586955 1.2037370971854706 0
1723097586956 1.2025003481791694 0
1723097586957 1.200408507630484 0
1723097586958 1.1989362554384064 0
1723097586958 1.1976067257280287 0
1723097586959 1.1959254269869322 0
1723097586960 1.1940953924643571 0
1723097586961 1.192701157882825 0
1723097586962 1.1908933751616977 0
1723097586963 1.1889469143487927 0
1723097586964 1.1877295898542737 0
1723097586965 1.186446654937478 0
1723097586965 1.185260687368763 0
1723097586966 1.1840589904983654 0
1723097586967 1.1833896467932778 0
1723097586968 1.1815407078919682 0
1723097586969 1.1801753686687824 0
1723097586969 1.1784036850264137 0
1723097586970 1.1775861077055672 0
1723097586971 1.176724680835773 0
1723097586972 1.1749803399516856 0
1723097586972 1.1733078943319974 0
1723097586973 1.171909101222061 0
1723097586974 1.1708491703767987 0
1723097586975 1.1699625618023592 0
1723097586976 1.1691162114063807 0
1723097586977 1.16809159336004 0
1723097586978 1.167600547368945 0
1723097586979 1.1662173701685874 0
1723097586980 1.1640450587567113 0
1723097586981 1.1630834216088208 0
1723097586981 1.1618105654194053 0
1723097586982 1.161100276652615 0
1723097586983 1.1598841628109604 0
1723097586984 1.1586995830506421 0
1723097586984 1.1577342943218658 0
1723097586985 1.1564564813549334 0
1723097586986 1.1553481847733953 0
