1723097497810 1.8912276947975963 0
1723097497811 1.8818730686897338 0
1723097497811 1.8727018724483604 0
1723097497813 1.86371318301219 0
1723097497813 1.8549007449149602 0
1723097497814 1.8462636743358654 0
1723097497815 1.8374528324469732 0
1723097497816 1.8288454111339183 0
1723097497816 1.8205961261959338 0
1723097497817 1.8123093652635747 0
1723097497818 1.8041321687863776 0
1723097497819 1.7961524517254739 0
1723097497819 1.7882766069978455 0
1723097497820 1.7805917028890086 0
1723097497821 1.77305925977831 0
1723097497822 1.765606561942387 0
1723097497822 1.758348191163412 0
1723097497823 1.7511648870835996 0
1723097497824 1.7441697581567999 0
1723097497825 1.7374929007203748 0
1723097497825 1.730666840769111 0
1723097497826 1.7240308862088107 0
1723097497827 1.7175269871442604 0
1723097497828 1.7111603616009674 0
1723097497829 1.7048934984929418 0
1723097497829 1.6987581062836266 0
1723097497830 1.692742937410474 0
1723097497831 1.6869088045286862 0
1723097497832 1.6810603990004662 0
1723097497833 1.675291199539074 0
1723097497833 1.6697595276198138 0
1723097497834 1.6643353352870196 0
1723097497835 1.6590119587271945 0
1723097497836 1.6537858488163575 0
1723097497836 1.6483680930607099 0
1723097497837 1.6433277277038687 0
1723097497838 1.6381771297896797 0
1723097497839 1.6330509085268743 0
1723097497839 1.6282683054507738 0
1723097497840 1.6233201319904254 0
1723097497841 1.6185970850912248 0
1723097497842 1.6137457925107266 0
1723097497842 1.6092721036339486 0
1723097497843 1.6047131611702636 0
1723097497844 1.600165575153502 0
1723097497845 1.5957516634950712 0
1723097497845 1.5914417398590028 0
1723097497846 1.5871219747741256 0
1723097497847 1.5828881730144373 0
1723097497848 1.578759494528716 0
1723097497849 1.5747250829969455 0
1723097497850 1.5706969383170337 0
1723097497851 1.5667713198072375 0
1723097497852 1.5629322649878767 0
1723097497853 1.5591044278312356 0
1723097497853 1.5553703433732058 0
1723097497854 1.551675844703053 0
1723097497855 1.548077148780629 0
1723097497856 1.5445027151589334 0
1723097497856 1.5409430044954224 0
1723097497857 1.5374889080283194 0
1723097497858 1.5341519541429531 0
1723097497859 1.5308159701887032 0
1723097497859 1.5275352233115629 0
1723097497860 1.5242141920677532 0
1723097497861 1.5211251463613484 0
1723097497861 1.5179980695994644 0
1723097497862 1.5148688385358773 0
1723097497863 1.5118493761898089 0
1723097497864 1.5088176823978303 0
1723097497864 1.5058129128737257 0
1723097497865 1.5029314252960353 0
1723097497866 1.5000274285492166 0
1723097497867 1.497308083225413 0
1723097497867 1.494571447993352 0
1723097497868 1.4918234202499223 0
1723097497869 1.4891300204706244 0
1723097497869 1.486526445996202 0
1723097497870 1.4839512920500486 0
1723097497871 1.4813578204566407 0
1723097497872 1.4789145848034453 0
1723097497872 1.4764288101096161 0
1723097497873 1.473962364522615 0
1723097497874 1.4715823917672828 0
1723097497875 1.4691985615625043 0
1723097497875 1.4668988971522159 0
1723097497876 1.4645948760800012 0
1723097497877 1.4624106381362232 0
1723097497878 1.4601822256401318 0
1723097497878 1.458056037280066 0
1723097497879 1.4559022206115448 0
1723097497880 1.4538229310861517 0
1723097497881 1.4517410139228677 0
1723097497882 1.4497005269111327 0
1723097497883 1.4476981818397643 0
1723097497884 1.4457259867336334 0
1723097497884 1.443762519237559 0
1723097497885 1.4418169200166828 0
1723097497886 1.4399192123352385 0
1723097497887 1.438065803046532 0
