1723097520844 1.8902653832494662 0
1723097520845 1.8808858027551567 0
1723097520845 1.8707287668337698 0
1723097520846 1.8606061943650738 0
1723097520847 1.8510299363942955 0
1723097520848 1.842278199454608 0
1723097520849 1.8328670227998898 0
1723097520850 1.823382715324065 0
1723097520850 1.8144196755755764 0
1723097520851 1.805829218004366 0
1723097520852 1.7967173140659907 0
1723097520853 1.7877502835286398 0
1723097520853 1.7793175391790597 0
1723097520854 1.7709538753083798 0
1723097520855 1.7626155101992413 0
1723097520856 1.7544063104164505 0
1723097520857 1.7468388301265823 0
1723097520858 1.73865111543217 0
1723097520859 1.730968991212995 0
1723097520859 1.7238930644768327 0
1723097520860 1.716972328904687 0
1723097520861 1.7094923322978273 0
1723097520861 1.7023860407965588 0
1723097520862 1.6962746669354027 0
1723097520863 1.6899029595210893 0
1723097520864 1.6837268354302835 0
1723097520864 1.6768462697189441 0
1723097520865 1.6703768238639205 0
1723097520866 1.6642349571692858 0
1723097520867 1.6578889994925168 0
1723097520867 1.6518224078163348 0
1723097520868 1.6457867028339772 0
1723097520869 1.639579161824723 0
1723097520870 1.6337109415195772 0
1723097520870 1.6278699564102335 0
1723097520871 1.6220122730353381 0
1723097520872 1.6162517239532055 0
1723097520873 1.6107337947077525 0
1723097520874 1.605232114909938 0
1723097520875 1.5999004193485424 0
1723097520876 1.5946601753875989 0
1723097520876 1.5895055535479616 0
1723097520877 1.584660773972899 0
1723097520878 1.580250272894875 0
1723097520879 1.5753974913856876 0
1723097520879 1.5708614603525635 0
1723097520880 1.5662390222812295 0
1723097520881 1.5614155982832634 0
1723097520882 1.556699041384356 0
1723097520882 1.5523496547914029 0
1723097520883 1.5478413766416514 0
1723097520884 1.5437283163724878 0
1723097520885 1.5393742195608726 0
1723097520886 1.5350777338409811 0
1723097520886 1.5310897914805786 0
1723097520887 1.527043902229746 0
1723097520888 1.5233148969306423 0
1723097520889 1.5193258338671847 0
1723097520889 1.515607687244407 0
1723097520890 1.5116507217706883 0
1723097520891 1.5083469847212412 0
1723097520892 1.5048413551626578 0
1723097520892 1.5010923609603775 0
1723097520893 1.4974275257229455 0
1723097520894 1.4940264254883104 0
1723097520895 1.4906693602468977 0
1723097520895 1.4873022152464914 0
1723097520896 1.4841103209835904 0
1723097520897 1.4807945138127265 0
1723097520897 1.4775185306137797 0
1723097520898 1.4743513756540325 0
1723097520899 1.4712562265157998 0
1723097520900 1.4684936368046075 0
1723097520900 1.4653223674102882 0
1723097520901 1.4622096646079046 0
1723097520902 1.4597872019210054 0
1723097520903 1.456950829668163 0
1723097520903 1.4541090699031542 0
1723097520904 1.4512106346471625 0
1723097520905 1.4483581069814735 0
1723097520905 1.4457532800377115 0
1723097520906 1.4434437599726686 0
1723097520907 1.440930360723105 0
1723097520908 1.4382810115771354 0
1723097520909 1.4356646886763427 0
1723097520910 1.4331463322610434 0
1723097520911 1.430757790565945 0
1723097520912 1.4285823704254488 0
1723097520912 1.4263775672572592 0
1723097520913 1.4241272917192382 0
1723097520914 1.4218587970217664 0
1723097520915 1.419505789869477 0
1723097520916 1.4173125154543738 0
1723097520917 1.4155932724404034 0
1723097520917 1.4135671546166813 0
1723097520918 1.4114673327876286 0
1723097520919 1.4093153742262325 0
1723097520919 1.4071595811292292 0
1723097520920 1.4050777084765682 0
1723097520921 1.4031229175505404 0
