1723097545128 1.8887972541755513 0
1723097545129 1.8768290423969822 0
1723097545130 1.8647543187251086 0
1723097545131 1.8531785634229898 0
1723097545132 1.8419880662192207 0
1723097545133 1.8305413834719713 0
1723097545134 1.8195190303465445 0
1723097545134 1.8085279044957143 0
1723097545135 1.7978906648366824 0
1723097545136 1.7873430382077318 0
1723097545137 1.7770227953101525 0
1723097545137 1.7671122863783433 0
1723097545138 1.7573275022887205 0
1723097545139 1.7478851510785371 0
1723097545140 1.73808975530152 0
1723097545140 1.7287527857159881 0
1723097545141 1.719776307847674 0
1723097545142 1.7105779237206629 0
1723097545143 1.701819941114791 0
1723097545143 1.6929562924293764 0
1723097545144 1.684571734452366 0
1723097545145 1.676194736414578 0
1723097545145 1.6680134565199638 0
1723097545146 1.6597252677796288 0
1723097545147 1.6517007904780958 0
1723097545148 1.6439273967775747 0
1723097545149 1.6361193155150888 0
1723097545149 1.6283330032063839 0
1723097545150 1.6210608434324094 0
1723097545151 1.6137815293545252 0
1723097545151 1.6069185652008569 0
1723097545152 1.599840315503354 0
1723097545153 1.5931184698001342 0
1723097545154 1.586187642925971 0
1723097545154 1.579715693650707 0
1723097545155 1.5732118259486938 0
1723097545156 1.5666695562032293 0
1723097545157 1.5601605543104122 0
1723097545157 1.5540553726973376 0
1723097545158 1.5481606340256635 0
1723097545159 1.5421163833950216 0
1723097545160 1.5363867999376977 0
1723097545160 1.5307759937329033 0
1723097545161 1.5250287582217907 0
1723097545162 1.519482532370143 0
1723097545163 1.513898393106851 0
1723097545163 1.5083977403535969 0
1723097545164 1.5030844906188268 0
1723097545165 1.4978889079079705 0
1723097545166 1.4928405832873934 0
1723097545166 1.487866597737153 0
1723097545167 1.4830259396517367 0
1723097545168 1.4782059475597042 0
1723097545169 1.473365872143001 0
1723097545169 1.4686342248499433 0
1723097545170 1.4639359940538912 0
1723097545171 1.4594399645537972 0
1723097545172 1.454945462081465 0
1723097545172 1.4503549133454798 0
1723097545173 1.4460650955796204 0
1723097545174 1.4419196936554428 0
1723097545175 1.4376704860339102 0
1723097545175 1.433652473515076 0
1723097545176 1.4294850630408273 0
1723097545177 1.4252844708166281 0
1723097545177 1.4212506023391616 0
1723097545178 1.4173807274778105 0
1723097545179 1.4137738453904753 0
1723097545180 1.4099159644164656 0
1723097545181 1.4063581448945244 0
1723097545182 1.4029259475766709 0
1723097545182 1.3993928453637898 0
1723097545183 1.395790343988051 0
1723097545184 1.3922434319069683 0
1723097545185 1.3888187660155047 0
1723097545185 1.3854892404823709 0
1723097545186 1.382026412661619 0
1723097545187 1.3787435114169517 0
1723097545188 1.3754655775226212 0
1723097545188 1.3723564994583877 0
1723097545189 1.3693280437679745 0
1723097545190 1.3662408265838184 0
1723097545191 1.363371092273097 0
1723097545191 1.3603054331460478 0
1723097545192 1.35739186850211 0
1723097545193 1.3544594008233766 0
1723097545194 1.351671228629514 0
1723097545194 1.348777106966782 0
1723097545195 1.3458722972377666 0
1723097545196 1.3431391212537263 0
1723097545197 1.3404397619187711 0
1723097545197 1.3378650044520177 0
1723097545198 1.3354386348411427 0
1723097545199 1.3328486745612436 0
1723097545200 1.3304098520571566 0
1723097545201 1.3278801675609049 0
1723097545202 1.3254794197992565 0
1723097545202 1.3230209622488875 0
1723097545203 1.3207387928406455 0
1723097545204 1.3182340175478395 0
