1723097514597 1.8898770271183885 0
1723097514599 1.8791640901640598 0
1723097514600 1.8686745305920232 0
1723097514601 1.858713394265079 0
1723097514603 1.8488776267484768 0
1723097514604 1.8389557737948552 0
1723097514605 1.8292260178720827 0
1723097514606 1.819651218575328 0
1723097514608 1.810641016180706 0
1723097514609 1.8014907434028617 0
1723097514610 1.792354912835519 0
1723097514611 1.7834293055161536 0
1723097514611 1.7750571574738867 0
1723097514612 1.7665241964933118 0
1723097514614 1.758202344909977 0
1723097514615 1.7500379283223895 0
1723097514616 1.7419029332636797 0
1723097514618 1.7340420466640134 0
1723097514622 1.7265057303481555 0
1723097514623 1.7187334933636935 0
1723097514624 1.7113570111768572 0
1723097514625 1.7041312326038593 0
1723097514626 1.6968653114860868 0
1723097514627 1.6899634816455211 0
1723097514628 1.683048397274525 0
1723097514629 1.6761436689804872 0
1723097514631 1.6695156888199376 0
1723097514632 1.6630763795307084 0
1723097514633 1.6568705233368135 0
1723097514634 1.6504091216072059 0
1723097514635 1.6440731196880278 0
1723097514636 1.6381983232555302 0
1723097514638 1.632283331811774 0
1723097514639 1.626390897280901 0
1723097514640 1.6209544578463078 0
1723097514642 1.6152901100859856 0
1723097514643 1.6097122357561284 0
1723097514644 1.604415225529416 0
1723097514645 1.5990777423282148 0
1723097514646 1.59385997036741 0
1723097514647 1.5886152654410117 0
1723097514648 1.5834735980524874 0
1723097514650 1.5788826809562377 0
1723097514651 1.5738725679905796 0
1723097514652 1.5690289317956119 0
1723097514653 1.564380025177501 0
1723097514654 1.5597747652808 0
1723097514656 1.5551639736951595 0
1723097514657 1.5507404670677314 0
1723097514659 1.5463833921896843 0
1723097514661 1.5419701991317687 0
1723097514664 1.5376325177457206 0
1723097514665 1.533370165772445 0
1723097514667 1.529222092921592 0
1723097514668 1.525126146451617 0
1723097514669 1.5212883419790393 0
1723097514670 1.517228803379941 0
1723097514671 1.5133453686799765 0
1723097514672 1.509518207951385 0
1723097514674 1.5057653064559557 0
1723097514675 1.5021341552863354 0
1723097514676 1.4985532420829262 0
1723097514682 1.494902982492 0
1723097514683 1.4913806469712378 0
1723097514684 1.4879382408431794 0
1723097514685 1.4845140200949554 0
1723097514686 1.481204418884934 0
1723097514687 1.4778923050600097 0
1723097514688 1.4746589836788742 0
1723097514689 1.4717098560881696 0
1723097514691 1.4687085479799868 0
1723097514694 1.465560347910151 0
1723097514700 1.462546380878346 0
1723097514703 1.4595554825888581 0
1723097514709 1.4567877905993132 0
1723097514713 1.4544340480455566 0
1723097514715 1.451504130109708 0
1723097514724 1.4487690085223497 0
1723097514726 1.4460307518484505 0
1723097514742 1.4433424231061518 0
1723097514743 1.440679818864726 0
1723097514745 1.438092534198049 0
1723097514746 1.4355154168989726 0
1723097514758 1.4329891746732437 0
1723097514759 1.430538991367447 0
1723097514765 1.4282748492188548 0
1723097514767 1.4258001594090697 0
1723097514768 1.4234794465568354 0
1723097514776 1.4212665771138897 0
1723097514777 1.418848634481475 0
1723097514779 1.4166251057234316 0
1723097514780 1.4144389732972915 0
1723097514781 1.4123042979153952 0
1723097514782 1.4103273382365704 0
1723097514783 1.4082952102152477 0
1723097514784 1.4062641660429944 0
1723097514785 1.4042178626772817 0
1723097514786 1.4022418906419374 0
1723097514787 1.400306956552244 0
1723097514795 1.3983905282850881 0
