1723097548679 1.8883294819398604 0
1723097548680 1.876337511601091 0
1723097548680 1.8647253536179804 0
1723097548681 1.8532217869600531 0
1723097548682 1.8420748896951926 0
1723097548683 1.8305668085534226 0
1723097548684 1.8194479089181692 0
1723097548685 1.8083792655416657 0
1723097548685 1.797712299952757 0
1723097548686 1.7874344053397098 0
1723097548687 1.7771103961120527 0
1723097548688 1.7671149258430716 0
1723097548688 1.757221603357601 0
1723097548689 1.7475932701756904 0
1723097548690 1.7388557310533077 0
1723097548691 1.7293138463984181 0
1723097548691 1.7199782799719598 0
1723097548692 1.7108913654191058 0
1723097548693 1.7020252208241793 0
1723097548694 1.6932954044271613 0
1723097548694 1.6848473300659819 0
1723097548695 1.6765238350997715 0
1723097548696 1.6683676443717848 0
1723097548696 1.6603162784108538 0
1723097548697 1.6522382291735203 0
1723097548698 1.6443756331702284 0
1723097548699 1.6368299996166242 0
1723097548699 1.6293498008933707 0
1723097548700 1.6221072789145163 0
1723097548701 1.6150005184059364 0
1723097548702 1.6077209701906812 0
1723097548702 1.600493400453255 0
1723097548703 1.5936099071961498 0
1723097548704 1.5869795493376646 0
1723097548705 1.5803720542980657 0
1723097548705 1.5736770344408066 0
1723097548706 1.5675810315855327 0
1723097548707 1.5614421818580788 0
1723097548707 1.5552298521349908 0
1723097548708 1.5491888167038952 0
1723097548709 1.5429797969899306 0
1723097548710 1.5370756186074084 0
1723097548710 1.5312771923983497 0
1723097548711 1.5255758080098876 0
1723097548712 1.5200261456390076 0
1723097548713 1.514574993371679 0
1723097548713 1.5090626769928208 0
1723097548714 1.5037308006045802 0
1723097548715 1.4984801466859468 0
1723097548716 1.4933268552448522 0
1723097548716 1.4880729719990897 0
1723097548717 1.4832342576586677 0
1723097548718 1.4783446577111496 0
1723097548719 1.4736998195105389 0
1723097548719 1.4691278812433834 0
1723097548720 1.464512817698637 0
1723097548721 1.4599086499021945 0
1723097548722 1.4555489439545666 0
1723097548722 1.451274320152284 0
1723097548723 1.4470674518431588 0
1723097548724 1.442818030649879 0
1723097548725 1.4387060968466943 0
1723097548725 1.4343292530324887 0
1723097548726 1.4303214143675536 0
1723097548727 1.42644462750859 0
1723097548727 1.4223900298236523 0
1723097548728 1.418574014440791 0
1723097548729 1.4148320489459418 0
1723097548730 1.4111345094552583 0
1723097548731 1.4075507604407254 0
1723097548731 1.4038893669095576 0
1723097548732 1.40027457278038 0
1723097548733 1.3967212667830922 0
1723097548734 1.3933288983226408 0
1723097548734 1.3897480236086426 0
1723097548735 1.3864093506378696 0
1723097548736 1.383094233302335 0
1723097548737 1.3795077186988398 0
1723097548737 1.3763543445161437 0
1723097548738 1.3730551585615358 0
1723097548739 1.3698084348953707 0
1723097548740 1.3666665888162322 0
1723097548740 1.3637240754162696 0
1723097548741 1.3609573559609418 0
1723097548742 1.3580198287043164 0
1723097548743 1.3550452133256825 0
1723097548743 1.352404466309948 0
1723097548744 1.3496089063291192 0
1723097548745 1.3468252163472034 0
1723097548746 1.3441950185535287 0
1723097548746 1.3416777917110727 0
1723097548747 1.3390638517304907 0
1723097548748 1.3363845154641034 0
1723097548749 1.3338750219606823 0
1723097548750 1.331385261458906 0
1723097548750 1.328977545364746 0
1723097548751 1.3264994494896303 0
1723097548752 1.3239906675449011 0
1723097548753 1.3216297054349657 0
1723097548754 1.3190805922200457 0
