1723097508037 1.8912276947975963 0
1723097508038 1.8824453198114866 0
1723097508038 1.8736679649956696 0
1723097508039 1.8646245543202893 0
1723097508040 1.8558839745160476 0
1723097508041 1.8478110213077024 0
1723097508042 1.8392545182140638 0
1723097508043 1.8308548334032275 0
1723097508043 1.8240477547956062 0
1723097508044 1.8160624301808495 0
1723097508045 1.8083987016040035 0
1723097508046 1.80171955073738 0
1723097508046 1.793710601217749 0
1723097508047 1.7866421067088383 0
1723097508048 1.7790782988487333 0
1723097508049 1.773529307265513 0
1723097508049 1.7665210116358507 0
1723097508050 1.7595209810638435 0
1723097508051 1.7523875248949163 0
1723097508051 1.7456836444021147 0
1723097508052 1.7397569308890404 0
1723097508053 1.7338513695770088 0
1723097508054 1.7270227960915356 0
1723097508054 1.7203202592886417 0
1723097508055 1.7137589090285636 0
1723097508056 1.7077937314550415 0
1723097508057 1.701371259223721 0
1723097508057 1.6956086521267886 0
1723097508058 1.6897121463854305 0
1723097508059 1.6836703421348018 0
1723097508059 1.6781349081446566 0
1723097508060 1.6722997781325935 0
1723097508061 1.666872991329839 0
1723097508062 1.6613114190158744 0
1723097508062 1.6566390382531961 0
1723097508063 1.651809011278314 0
1723097508064 1.6464928094108 0
1723097508065 1.641258202143357 0
1723097508065 1.6361108003233624 0
1723097508066 1.6316844166642281 0
1723097508067 1.626713275672014 0
1723097508068 1.62182480460713 0
1723097508068 1.6175107105950166 0
1723097508069 1.612853176931912 0
1723097508070 1.609163222896842 0
1723097508070 1.6046298973682613 0
1723097508071 1.600270637758106 0
1723097508072 1.5959330145150419 0
1723097508073 1.5924242983893493 0
1723097508073 1.5881412220434166 0
1723097508074 1.583917592332041 0
1723097508075 1.5796321551996917 0
1723097508076 1.576486163796806 0
1723097508076 1.5723501051505493 0
1723097508077 1.5687405266328318 0
1723097508078 1.564979953046442 0
1723097508079 1.5611283163015208 0
1723097508079 1.5571454554584374 0
1723097508080 1.5533517768630283 0
1723097508081 1.5497987970274982 0
1723097508082 1.546087774134237 0
1723097508082 1.5423706819774443 0
1723097508083 1.5388441517087865 0
1723097508084 1.5367406979171145 0
1723097508085 1.5340193600287937 0
1723097508085 1.5306067793053857 0
1723097508086 1.5281359345257082 0
1723097508087 1.5248802701660849 0
1723097508087 1.5216592232848132 0
1723097508088 1.5183996365624488 0
1723097508089 1.5155474556580661 0
1723097508090 1.5125561023573104 0
1723097508090 1.5094641757134524 0
1723097508091 1.5065370169909145 0
1723097508092 1.5037214499658784 0
1723097508093 1.5011172762934557 0
1723097508093 1.4984991463814954 0
1723097508094 1.4957830144416482 0
1723097508095 1.4930194670201633 0
1723097508096 1.4902083952623926 0
1723097508096 1.4877582256713968 0
1723097508097 1.4851610893918976 0
1723097508098 1.482880853701476 0
1723097508098 1.4803184510506633 0
1723097508099 1.4777255774684916 0
1723097508100 1.4757180319076968 0
1723097508101 1.4732783399931353 0
1723097508101 1.4710586452818593 0
1723097508102 1.4689401681133991 0
1723097508103 1.466802531709734 0
1723097508104 1.4645100628748489 0
1723097508104 1.4622641513559094 0
1723097508105 1.46003164905475 0
1723097508106 1.4578075080841169 0
1723097508106 1.4556465461157122 0
1723097508107 1.4534921045891507 0
1723097508108 1.4519150387857436 0
1723097508109 1.4499408708795105 0
1723097508110 1.447838850524065 0
1723097508111 1.4459464439556446 0
