1723097541772 1.8883091907651064 0
1723097541772 1.87589275134481 0
1723097541773 1.8637773135841815 0
1723097541774 1.852124702582858 0
1723097541775 1.8404899424745673 0
1723097541776 1.8291245839893508 0
1723097541777 1.8179944624961066 0
1723097541778 1.8070597566264046 0
1723097541778 1.7964387798783403 0
1723097541779 1.7858819585592915 0
1723097541780 1.7755850180966863 0
1723097541781 1.7653591927262355 0
1723097541781 1.755279394185802 0
1723097541782 1.745413754924856 0
1723097541783 1.7358639921159353 0
1723097541783 1.7264530278961006 0
1723097541784 1.7170608678262504 0
1723097541785 1.7079457530933368 0
1723097541786 1.6988462380791505 0
1723097541787 1.690098492185776 0
1723097541787 1.681337134313214 0
1723097541788 1.6727161198627358 0
1723097541789 1.6642478504473088 0
1723097541790 1.6560975702670646 0
1723097541790 1.6480751214461593 0
1723097541791 1.6403299469251857 0
1723097541792 1.632670204939782 0
1723097541793 1.6254487858747027 0
1723097541793 1.6179722235520066 0
1723097541794 1.6105583251944549 0
1723097541795 1.6033571798450965 0
1723097541795 1.5963420776179638 0
1723097541796 1.5893499518545713 0
1723097541797 1.5824745349270344 0
1723097541798 1.5756972581574715 0
1723097541798 1.5689988335896747 0
1723097541799 1.5626094116191047 0
1723097541800 1.5562779176472428 0
1723097541801 1.5500367779137298 0
1723097541801 1.5437285873802027 0
1723097541802 1.53785535370719 0
1723097541803 1.531895126050085 0
1723097541804 1.5259633162324193 0
1723097541804 1.5202274380486251 0
1723097541805 1.5146131800487894 0
1723097541806 1.5091246592545924 0
1723097541807 1.5038148824489248 0
1723097541807 1.4983707016019518 0
1723097541808 1.4930142827945587 0
1723097541809 1.4879037748300805 0
1723097541810 1.4829032285355186 0
1723097541810 1.4777491074761642 0
1723097541811 1.4727338312018654 0
1723097541812 1.4681123823435411 0
1723097541812 1.4633162550261891 0
1723097541813 1.4587784491940081 0
1723097541814 1.4543177971582288 0
1723097541815 1.4496946530692076 0
1723097541815 1.4453748676883962 0
1723097541816 1.4409656458133027 0
1723097541817 1.4367916940602496 0
1723097541818 1.4325687817040598 0
1723097541818 1.4283391925526914 0
1723097541819 1.42434052400891 0
1723097541820 1.42032605816196 0
1723097541821 1.4164364425742635 0
1723097541821 1.4124235488169525 0
1723097541822 1.408723399386809 0
1723097541823 1.4049677273889598 0
1723097541823 1.4011610636978786 0
1723097541824 1.3976699600254074 0
1723097541825 1.394228070157585 0
1723097541826 1.3906643858019911 0
1723097541826 1.3873411287998214 0
1723097541827 1.3839478781401935 0
1723097541828 1.380596178977005 0
1723097541829 1.3773245505213092 0
1723097541829 1.3741461499909815 0
1723097541830 1.370926168616571 0
1723097541831 1.367869962051644 0
1723097541832 1.3649288632845022 0
1723097541832 1.3619023523043732 0
1723097541833 1.358967477409877 0
1723097541834 1.3559205424183705 0
1723097541834 1.3530639922815837 0
1723097541835 1.3501094756685905 0
1723097541836 1.3472490061507816 0
1723097541837 1.3445806235891762 0
1723097541837 1.341795383389523 0
1723097541838 1.3392273171276114 0
1723097541839 1.3365021681546903 0
1723097541840 1.3337058280971834 0
1723097541840 1.3312575668619517 0
1723097541841 1.3287667701906662 0
1723097541842 1.326184009849738 0
1723097541843 1.3236708531071992 0
1723097541844 1.3213665967805628 0
1723097541845 1.3190600325497335 0
1723097541845 1.3168141363295123 0
1723097541846 1.314413909657372 0
