1723097538098 1.8881924330563211 0
1723097538099 1.8758619229847227 0
1723097538100 1.8637819298558203 0
1723097538101 1.8519343465585782 0
1723097538102 1.8403274792790463 0
1723097538102 1.8289618721969136 0
1723097538103 1.8178282270109583 0
1723097538104 1.8068934060236925 0
1723097538105 1.796193510358818 0
1723097538105 1.7856868310583363 0
1723097538106 1.7753714624146981 0
1723097538107 1.7652684029217525 0
1723097538108 1.7552532474449798 0
1723097538109 1.7455180322394057 0
1723097538109 1.735708025838867 0
1723097538110 1.7260549688756857 0
1723097538111 1.7168785147539538 0
1723097538111 1.7076189184792774 0
1723097538112 1.698765574468468 0
1723097538113 1.6897444868314007 0
1723097538114 1.680902324577031 0
1723097538114 1.6725491164160642 0
1723097538115 1.664347024557648 0
1723097538116 1.6559809125173377 0
1723097538117 1.6480863657405265 0
1723097538117 1.6400156188274448 0
1723097538118 1.6321186875399987 0
1723097538119 1.6246586766624163 0
1723097538120 1.617036432622722 0
1723097538120 1.6098190294307333 0
1723097538121 1.6027738456964242 0
1723097538122 1.595572599466163 0
1723097538123 1.5885121294669577 0
1723097538123 1.5816047072823802 0
1723097538124 1.5750256605194364 0
1723097538125 1.5685756237412807 0
1723097538126 1.5620462625977471 0
1723097538126 1.5556462752434794 0
1723097538127 1.5495306111318643 0
1723097538128 1.5433741541686148 0
1723097538129 1.5374452296951113 0
1723097538129 1.5315019817147413 0
1723097538130 1.5257944029446537 0
1723097538131 1.5200796203284206 0
1723097538131 1.5144643257050185 0
1723097538132 1.5090624699558082 0
1723097538133 1.5036622442962595 0
1723097538134 1.498386575662033 0
1723097538134 1.4931339724650183 0
1723097538135 1.4879956890027501 0
1723097538136 1.4831266997134935 0
1723097538137 1.4782008382514091 0
1723097538137 1.473431845652758 0
1723097538138 1.4686228019272936 0
1723097538139 1.4640152224904435 0
1723097538140 1.4594227831467084 0
1723097538140 1.4550361162100898 0
1723097538141 1.450544705067955 0
1723097538142 1.4462697459564395 0
1723097538143 1.441945608435419 0
1723097538143 1.4377654161760447 0
1723097538144 1.433525570432236 0
1723097538145 1.429559072620197 0
1723097538146 1.4256745965805366 0
1723097538146 1.421680434889709 0
1723097538147 1.4178801601947066 0
1723097538148 1.4140635666301535 0
1723097538149 1.410425971153307 0
1723097538149 1.406623727566848 0
1723097538150 1.4029312511097434 0
1723097538151 1.399382137704539 0
1723097538152 1.3957378005062566 0
1723097538152 1.392196716697257 0
1723097538153 1.3888614871909355 0
1723097538154 1.385477170950239 0
1723097538155 1.3821432996092002 0
1723097538155 1.3788744513667655 0
1723097538156 1.3756318007702042 0
1723097538157 1.3724410013477435 0
1723097538158 1.3692875332592145 0
1723097538158 1.3662277557564553 0
1723097538159 1.3630035423211102 0
1723097538160 1.359919380941669 0
1723097538161 1.3569620773867848 0
1723097538161 1.3540681986109908 0
1723097538162 1.3510852976267185 0
1723097538163 1.3482511025415478 0
1723097538163 1.3454779146084703 0
1723097538164 1.3427225167768229 0
1723097538165 1.3399589715820965 0
1723097538166 1.3373898931349602 0
1723097538166 1.3347767773727441 0
1723097538167 1.3320785918566174 0
1723097538168 1.3295310938587648 0
1723097538169 1.3269283320114014 0
1723097538170 1.3243897798951592 0
1723097538171 1.321955414979359 0
1723097538171 1.3195884878124438 0
1723097538172 1.3173373486457625 0
1723097538173 1.3149852048363522 0
