1723097554803 1.8557838317305992 0
1723097554804 1.8113686132843994 0
1723097554805 1.772069563769355 0
1723097554806 1.735647923448471 0
1723097554807 1.7026271923948493 0
1723097554808 1.672488571406098 0
1723097554809 1.64565974638696 0
1723097554810 1.620348981414849 0
1723097554810 1.5972597342643267 0
1723097554811 1.5757033764651012 0
1723097554812 1.5564031680585864 0
1723097554813 1.538539961836053 0
1723097554814 1.52174525426468 0
1723097554815 1.5065123068820754 0
1723097554816 1.4919743120186093 0
1723097554816 1.4789408259500278 0
1723097554817 1.467119659560202 0
1723097554818 1.4558590297418523 0
1723097554819 1.4455689434903598 0
1723097554819 1.4359255614245992 0
1723097554820 1.427275241328663 0
1723097554821 1.418855140068332 0
1723097554822 1.4106358988530765 0
1723097554822 1.403670073442038 0
1723097554823 1.3969151210497455 0
1723097554824 1.391008582705917 0
1723097554825 1.385392294750624 0
1723097554825 1.3802224645486338 0
1723097554826 1.3752051046157354 0
1723097554827 1.3707758951677615 0
1723097554828 1.3664643686724176 0
1723097554828 1.362129876096559 0
1723097554829 1.3581184785624607 0
1723097554830 1.3545366528697926 0
1723097554830 1.351491660466456 0
1723097554831 1.348375552301333 0
1723097554832 1.3454879171559422 0
1723097554833 1.3424887560540435 0
1723097554833 1.3398818749913828 0
1723097554834 1.3374831897997368 0
1723097554835 1.3352442230282138 0
1723097554836 1.332881277937167 0
1723097554837 1.3308512685199145 0
1723097554837 1.3286771371914712 0
1723097554838 1.3267077268900118 0
1723097554839 1.3250168053965004 0
1723097554840 1.3229972296601116 0
1723097554840 1.3214071886345478 0
1723097554841 1.3196124240223412 0
1723097554842 1.3181427166455923 0
1723097554843 1.3164173428165586 0
1723097554843 1.3147111886466893 0
1723097554844 1.3134898063771414 0
1723097554845 1.3119894121345288 0
1723097554846 1.3106780538867127 0
1723097554846 1.3094734095577216 0
1723097554847 1.308395784558741 0
1723097554848 1.3072571264511421 0
1723097554849 1.3062572490843374 0
1723097554849 1.3051800603847532 0
1723097554850 1.3042522217910684 0
1723097554851 1.303349377444481 0
1723097554852 1.3024708626715318 0
1723097554852 1.3015630334812438 0
1723097554853 1.3007813375355737 0
1723097554854 1.299754834279022 0
1723097554855 1.2989271571231493 0
1723097554855 1.2980945789263576 0
1723097554856 1.297328924612456 0
1723097554857 1.2965900354739839 0
1723097554858 1.2959256793166005 0
1723097554859 1.2952551343713168 0
1723097554860 1.2945549757451325 0
1723097554861 1.2936838407146352 0
1723097554863 1.2931100580827484 0
1723097554868 1.2923908577209664 0
1723097554870 1.2918928127553708 0
1723097554871 1.2914611725148166 0
1723097554878 1.2908490707604614 0
1723097554879 1.2904019286856554 0
1723097554880 1.2899075128312796 0
1723097554881 1.2893776019112597 0
1723097554883 1.288953733188033 0
1723097554885 1.2884118348575897 0
1723097554886 1.2878328311739475 0
1723097554888 1.2874186016033113 0
1723097554889 1.2872162172436874 0
1723097554890 1.2866765756895877 0
1723097554891 1.2861673191896148 0
1723097554892 1.285947089906391 0
1723097554892 1.2855497405742466 0
1723097554893 1.285257007336879 0
1723097554894 1.2847289705279898 0
1723097554895 1.2843157267338854 0
1723097554896 1.2839895423393966 0
1723097554896 1.283828315102392 0
1723097554897 1.2833527003797847 0
1723097554898 1.2827433960724963 0
1723097554899 1.282482638623688 0
1723097554899 1.2819632257867672 0
