1723097527933 1.8891726456809215 0
1723097527934 1.8777553516332344 0
1723097527935 1.8668046117839856 0
1723097527936 1.8557455333227695 0
1723097527937 1.8448507033614279 0
1723097527938 1.8342507829186583 0
1723097527939 1.8238490956386597 0
1723097527939 1.8139328476579337 0
1723097527940 1.8037972168007013 0
1723097527941 1.7937346006500923 0
1723097527942 1.7839692468054908 0
1723097527942 1.7745339094319008 0
1723097527943 1.7651798913720433 0
1723097527944 1.7560515973259347 0
1723097527945 1.7470918698196454 0
1723097527945 1.738368252571678 0
1723097527946 1.729565981203741 0
1723097527947 1.7211632280767903 0
1723097527948 1.7129795004396138 0
1723097527948 1.7049420617707363 0
1723097527949 1.6968932421615064 0
1723097527950 1.6891675550525367 0
1723097527951 1.6812860102053508 0
1723097527952 1.6736870640678745 0
1723097527952 1.6662215190132312 0
1723097527953 1.658823951913189 0
1723097527954 1.651633342821847 0
1723097527955 1.6444865149336236 0
1723097527955 1.6375169507372989 0
1723097527956 1.6308227671230051 0
1723097527957 1.6240148298808792 0
1723097527958 1.6176689280405998 0
1723097527959 1.6112093520547335 0
1723097527959 1.6047755507340482 0
1723097527960 1.5986506699301777 0
1723097527961 1.5924427172231839 0
1723097527962 1.5864754190953898 0
1723097527963 1.58065595218301 0
1723097527963 1.5749386985724037 0
1723097527964 1.5691431141652734 0
1723097527965 1.5635185832963214 0
1723097527966 1.5581431645969677 0
1723097527966 1.5527278219310423 0
1723097527967 1.547454821798083 0
1723097527968 1.5423472716174262 0
1723097527968 1.5372322093574946 0
1723097527969 1.5321933247193165 0
1723097527970 1.5272411711046705 0
1723097527971 1.522507735847138 0
1723097527971 1.5176916655854267 0
1723097527972 1.513027852122803 0
1723097527973 1.5084712524179544 0
1723097527974 1.503892084024674 0
1723097527974 1.4995872203482663 0
1723097527975 1.4952026285600755 0
1723097527976 1.4909028876355679 0
1723097527977 1.4867241401961901 0
1723097527977 1.482678009373783 0
1723097527978 1.478558123190849 0
1723097527979 1.4746642070888185 0
1723097527980 1.4706370561063191 0
1723097527980 1.4668342758329527 0
1723097527981 1.4630638448329798 0
1723097527982 1.4593926560769082 0
1723097527983 1.4557709976948154 0
1723097527983 1.4522212256420228 0
1723097527984 1.4487641333802574 0
1723097527985 1.4453207401934285 0
1723097527985 1.4418804632677753 0
1723097527986 1.4386342862867443 0
1723097527987 1.4353240316949878 0
1723097527988 1.4321347821537946 0
1723097527988 1.4289510093710913 0
1723097527989 1.4258611726636408 0
1723097527990 1.4229035981013431 0
1723097527991 1.419865769716163 0
1723097527991 1.4169360057276534 0
1723097527992 1.4139821694411507 0
1723097527993 1.411186735722775 0
1723097527994 1.4083431724805668 0
1723097527994 1.4055381011262966 0
1723097527995 1.4027704253074942 0
1723097527996 1.400065521342788 0
1723097527997 1.3972900166760094 0
1723097527997 1.3946732245120357 0
1723097527998 1.3920217793321732 0
1723097527999 1.389535630030353 0
1723097527999 1.3870032469260238 0
1723097528000 1.3846009807005561 0
1723097528001 1.3822440041665027 0
1723097528002 1.3799070467336596 0
1723097528002 1.377508291201962 0
1723097528003 1.375206211864961 0
1723097528004 1.372997640554788 0
1723097528005 1.3707077370141074 0
1723097528006 1.3685718968911929 0
1723097528007 1.3664237109183348 0
1723097528008 1.364371191875847 0
1723097528008 1.362240749549775 0
1723097528009 1.3601374963182824 0
