1723097534298 1.8894380521542626 0
1723097534299 1.8784059678220817 0
1723097534299 1.8677566991939634 0
1723097534300 1.8576004074550103 0
1723097534301 1.8468129495744696 0
1723097534302 1.8364130614212244 0
1723097534303 1.8268171045813044 0
1723097534304 1.8170104325496659 0
1723097534304 1.807405062394387 0
1723097534305 1.7979434370596794 0
1723097534306 1.7889349321980255 0
1723097534307 1.77939302276954 0
1723097534307 1.7701264386447029 0
1723097534308 1.7614074615236968 0
1723097534309 1.752507061033475 0
1723097534310 1.743573403703207 0
1723097534310 1.7350732696261908 0
1723097534311 1.7264940436564942 0
1723097534312 1.7183724643663543 0
1723097534313 1.7100997041298307 0
1723097534313 1.702220524448561 0
1723097534314 1.694254632566521 0
1723097534315 1.6866820697907083 0
1723097534315 1.6794719802714353 0
1723097534316 1.6719857522243153 0
1723097534317 1.6647070482124995 0
1723097534318 1.6575175354364442 0
1723097534318 1.650558148075006 0
1723097534319 1.6437033980334406 0
1723097534320 1.637143949305351 0
1723097534321 1.6307520859293112 0
1723097534321 1.6241934655175765 0
1723097534322 1.6179022897888686 0
1723097534323 1.611464588971482 0
1723097534324 1.6051812591468577 0
1723097534324 1.599349737208483 0
1723097534325 1.5933460722918913 0
1723097534326 1.587378671482808 0
1723097534327 1.5815757271647517 0
1723097534327 1.5758102614331588 0
1723097534328 1.570094974090043 0
1723097534329 1.5644758442558044 0
1723097534330 1.559131884527203 0
1723097534330 1.5543880825826688 0
1723097534331 1.5495115163996112 0
1723097534332 1.5445607366848577 0
1723097534333 1.539460522227096 0
1723097534333 1.5346744979686533 0
1723097534334 1.5298829823406166 0
1723097534335 1.5250858806058751 0
1723097534336 1.520260780266688 0
1723097534336 1.515506086507112 0
1723097534337 1.5109558177993805 0
1723097534338 1.5064326286588365 0
1723097534339 1.5019871387093047 0
1723097534339 1.4976598377903272 0
1723097534340 1.49384480728573 0
1723097534341 1.4899660096145317 0
1723097534342 1.4858656450795666 0
1723097534342 1.4817891826529828 0
1723097534343 1.4778307897076892 0
1723097534344 1.4742454821938658 0
1723097534345 1.4706147027496028 0
1723097534345 1.4669081207300154 0
1723097534346 1.463306411119067 0
1723097534347 1.459618149222002 0
1723097534348 1.456235317230283 0
1723097534348 1.4527551128602563 0
1723097534349 1.4492258293893876 0
1723097534350 1.4458037757421314 0
1723097534351 1.4424185860509284 0
1723097534351 1.4391308988043463 0
1723097534352 1.4357415982077804 0
1723097534353 1.4326989129713426 0
1723097534354 1.4296754088423584 0
1723097534354 1.4267798509777951 0
1723097534355 1.4236276662417258 0
1723097534356 1.4209452245993401 0
1723097534356 1.4180697674612168 0
1723097534357 1.4151473316570828 0
1723097534358 1.4124029087347953 0
1723097534359 1.4094442682916002 0
1723097534359 1.4066182521146862 0
1723097534360 1.4040268154904703 0
1723097534361 1.4013529492140593 0
1723097534362 1.3988286084952501 0
1723097534362 1.3962573633633235 0
1723097534363 1.393741752722633 0
1723097534364 1.391323254235574 0
1723097534365 1.3887958313088824 0
1723097534365 1.3864156701096604 0
1723097534366 1.3841906221229636 0
1723097534367 1.3820396163253466 0
1723097534368 1.3796328033138188 0
1723097534369 1.3773044316301182 0
1723097534369 1.3752794769139214 0
1723097534370 1.373096118530902 0
1723097534371 1.3708959663913456 0
1723097534372 1.3687638307523367 0
1723097534373 1.366506689683573 0
