1723097570336 1.8494905196773488 0
1723097570337 1.8020120791981877 0
1723097570338 1.7578279830539054 0
1723097570339 1.720539429675065 0
1723097570340 1.684359747336754 0
1723097570341 1.6526178450358406 0
1723097570342 1.6229881171525133 0
1723097570343 1.5978716440553533 0
1723097570343 1.5733072839064148 0
1723097570344 1.5517079145296329 0
1723097570345 1.5307928806658393 0
1723097570346 1.5103483431154405 0
1723097570346 1.4923435762704356 0
1723097570347 1.4767149112799114 0
1723097570348 1.460518538889517 0
1723097570349 1.4459383217625799 0
1723097570349 1.4324606348308981 0
1723097570350 1.420175645108799 0
1723097570351 1.4090782334350003 0
1723097570352 1.3987838129022763 0
1723097570352 1.3894416118598154 0
1723097570353 1.381018786047807 0
1723097570354 1.373323026947687 0
1723097570355 1.3662038024862955 0
1723097570355 1.3592088351201919 0
1723097570356 1.352994535372941 0
1723097570357 1.3471265589748245 0
1723097570358 1.3420948581068621 0
1723097570358 1.3368921262436497 0
1723097570359 1.3319653576703192 0
1723097570360 1.3272020144889805 0
1723097570361 1.3227900547809588 0
1723097570361 1.3190551217652584 0
1723097570362 1.3153834155582058 0
1723097570363 1.312135842417475 0
1723097570364 1.308973854545534 0
1723097570365 1.305999434975268 0
1723097570365 1.3034537938218251 0
1723097570366 1.3008434039283816 0
1723097570367 1.2983294827627907 0
1723097570368 1.2957668116663672 0
1723097570368 1.293776731845821 0
1723097570369 1.2917195435279787 0
1723097570370 1.2896816978798649 0
1723097570371 1.287724776159108 0
1723097570371 1.2859284226799947 0
1723097570372 1.2843442507484375 0
1723097570373 1.282516515518334 0
1723097570374 1.2807511066706374 0
1723097570374 1.279180660888079 0
1723097570375 1.2776744761856893 0
1723097570376 1.2758802023469795 0
1723097570377 1.274066152744524 0
1723097570377 1.2728380405190973 0
1723097570378 1.271505180526058 0
1723097570379 1.2697990678349316 0
1723097570380 1.2681782112884337 0
1723097570380 1.2670581244935397 0
1723097570381 1.265622792290357 0
1723097570382 1.2641166655958356 0
1723097570383 1.2631100306238845 0
1723097570383 1.2617083751398224 0
1723097570384 1.2604722926780234 0
1723097570385 1.2590297671258763 0
1723097570386 1.257627558533944 0
1723097570387 1.2566477832012755 0
1723097570387 1.2554971891857651 0
1723097570388 1.25438413195522 0
1723097570389 1.253372515432985 0
1723097570390 1.2524154878508997 0
1723097570390 1.2515875318116996 0
1723097570391 1.2507961699743682 0
1723097570392 1.2496698918927962 0
1723097570393 1.2486293279208858 0
1723097570393 1.2478891208984133 0
1723097570394 1.2471058898244884 0
1723097570395 1.2462256534846465 0
1723097570396 1.2450994081216777 0
1723097570396 1.2442594015302366 0
1723097570397 1.2436153136715442 0
1723097570398 1.242871882386369 0
1723097570399 1.2421854987109189 0
1723097570399 1.2415656856543282 0
1723097570400 1.240899298627145 0
1723097570401 1.2400669258087973 0
1723097570402 1.2396552507370238 0
1723097570402 1.239062296683536 0
1723097570403 1.2385557417766226 0
1723097570404 1.2377518921083446 0
1723097570405 1.237356556636993 0
1723097570405 1.2362696861464988 0
1723097570406 1.2359502380510288 0
1723097570407 1.2349614407021787 0
1723097570408 1.2343167214513422 0
1723097570409 1.2336715159659861 0
1723097570410 1.2328304385690816 0
1723097570411 1.232330446777547 0
1723097570411 1.2317609237939064 0
1723097570412 1.2314980075951811 0
1723097570413 1.2311926036624483 0
