1723097517824 1.8901852087385225 0
1723097517825 1.8806633488741362 0
1723097517826 1.870381962202264 0
1723097517827 1.8604585477223046 0
1723097517828 1.8508694222289603 0
1723097517829 1.8420217472264104 0
1723097517830 1.8338071301278456 0
1723097517830 1.8243072870446408 0
1723097517831 1.8149752906491163 0
1723097517832 1.806314415729393 0
1723097517833 1.79728949205494 0
1723097517833 1.7896647655004976 0
1723097517834 1.780956140381243 0
1723097517835 1.772851107669101 0
1723097517836 1.7645147701797255 0
1723097517836 1.7566317230927815 0
1723097517837 1.7486890500646661 0
1723097517838 1.7412633772507102 0
1723097517839 1.7332220157298925 0
1723097517839 1.725470530362773 0
1723097517840 1.7178592189882613 0
1723097517841 1.710592586141872 0
1723097517842 1.7034338407656293 0
1723097517842 1.6963668783060626 0
1723097517843 1.689291047897631 0
1723097517844 1.682387074076471 0
1723097517844 1.6754683132621688 0
1723097517845 1.6688480388525673 0
1723097517846 1.6622769933916133 0
1723097517847 1.656538268690084 0
1723097517847 1.6501644576867642 0
1723097517848 1.6441823083627207 0
1723097517849 1.6381521257622509 0
1723097517850 1.6323790564845095 0
1723097517850 1.6265604674909668 0
1723097517851 1.621452672998265 0
1723097517852 1.615877781580079 0
1723097517852 1.6102738706859259 0
1723097517853 1.6050218898887987 0
1723097517854 1.599568097021409 0
1723097517855 1.5945487018316324 0
1723097517855 1.589262786832095 0
1723097517856 1.5844750499075129 0
1723097517857 1.579532674818382 0
1723097517858 1.5748124663605596 0
1723097517858 1.5699100112698894 0
1723097517859 1.565524291824463 0
1723097517860 1.5607626681899887 0
1723097517861 1.5562501077325996 0
1723097517861 1.5517368217488636 0
1723097517862 1.5474898396680545 0
1723097517863 1.5433354667370494 0
1723097517863 1.5388855684052938 0
1723097517864 1.5345771297584392 0
1723097517865 1.5307575446264763 0
1723097517866 1.5267587246685306 0
1723097517866 1.5227022456760744 0
1723097517867 1.518689717328229 0
1723097517868 1.5148160303238165 0
1723097517869 1.5110665709355582 0
1723097517869 1.5072453434857196 0
1723097517870 1.5037537939723744 0
1723097517871 1.5002581867573224 0
1723097517872 1.496739991839298 0
1723097517872 1.493387187849371 0
1723097517873 1.4900602509371288 0
1723097517874 1.4866077097298802 0
1723097517874 1.4837439266445325 0
1723097517875 1.4804046084516727 0
1723097517876 1.477056401148154 0
1723097517877 1.4740317547209916 0
1723097517877 1.470837689340726 0
1723097517878 1.4677209049938202 0
1723097517879 1.4650692005616737 0
1723097517880 1.4621115574656443 0
1723097517880 1.4590891573378009 0
1723097517881 1.4560720978982478 0
1723097517882 1.4532623718415314 0
1723097517883 1.4505719002509905 0
1723097517883 1.4478178355579634 0
1723097517884 1.445269365822506 0
1723097517885 1.442912760580236 0
1723097517885 1.4402786797440281 0
1723097517886 1.4376820631214744 0
1723097517887 1.4352306745860668 0
1723097517888 1.4327427403408053 0
1723097517888 1.4303775471252136 0
1723097517889 1.4279875232056853 0
1723097517890 1.425695374400719 0
1723097517891 1.423686626809726 0
1723097517891 1.421331066611559 0
1723097517892 1.419108786633591 0
1723097517893 1.4167776564358294 0
1723097517894 1.4145224928335498 0
1723097517894 1.4123582907116652 0
1723097517895 1.4101930752694107 0
1723097517896 1.408198389068248 0
1723097517897 1.4062365901920357 0
1723097517898 1.4041795608143701 0
1723097517899 1.4022550193611234 0
