1723097524381 1.8889998307996683 0
1723097524381 1.877461675187437 0
1723097524382 1.8661530728462146 0
1723097524383 1.8551279149544835 0
1723097524384 1.8443220188621394 0
1723097524385 1.8337413695412963 0
1723097524386 1.8232641335903508 0
1723097524387 1.812890329278883 0
1723097524387 1.8028310555714342 0
1723097524388 1.7928524126902465 0
1723097524389 1.7830189169895563 0
1723097524390 1.77359890110541 0
1723097524390 1.7641830366386133 0
1723097524391 1.7550489005417782 0
1723097524392 1.7460118044866617 0
1723097524393 1.7371298516754838 0
1723097524393 1.7285721909282934 0
1723097524394 1.7200450268439191 0
1723097524395 1.7117258344643425 0
1723097524395 1.7035204582188903 0
1723097524396 1.6955372881090476 0
1723097524397 1.6875617449961007 0
1723097524398 1.6797440667742962 0
1723097524399 1.6722179131264017 0
1723097524399 1.6646901178786337 0
1723097524400 1.6573723839024315 0
1723097524401 1.6501258520754973 0
1723097524402 1.643018148380343 0
1723097524402 1.6361172016530356 0
1723097524403 1.6292761282263464 0
1723097524404 1.6226122561232517 0
1723097524405 1.6160284000702383 0
1723097524405 1.609662027872383 0
1723097524406 1.6033220362339777 0
1723097524407 1.597100263968385 0
1723097524409 1.5910859346521027 0
1723097524410 1.5850929355142307 0
1723097524411 1.5792406330951156 0
1723097524412 1.5734734849737972 0
1723097524413 1.5678365641542589 0
1723097524414 1.5623271050060292 0
1723097524415 1.5568691163445985 0
1723097524416 1.5515785930583406 0
1723097524417 1.5462960098265537 0
1723097524418 1.5411561384389287 0
1723097524419 1.5361606017492089 0
1723097524420 1.531182394884034 0
1723097524421 1.5262922296909203 0
1723097524421 1.521565913884994 0
1723097524422 1.51687481067363 0
1723097524423 1.512246913107947 0
1723097524424 1.5077299009231622 0
1723097524424 1.5032175360365903 0
1723097524425 1.4988763305713553 0
1723097524426 1.4945694142481527 0
1723097524427 1.4903112194104065 0
1723097524427 1.4860898776525133 0
1723097524428 1.482002140528699 0
1723097524429 1.4779323771262165 0
1723097524430 1.4739974354194811 0
1723097524430 1.470074664886952 0
1723097524431 1.4662381784706389 0
1723097524432 1.4624950035241726 0
1723097524432 1.458795816521329 0
1723097524433 1.455187722135781 0
1723097524434 1.4516674478007006 0
1723097524435 1.4481572356928172 0
1723097524435 1.4447046477167795 0
1723097524436 1.4413199121264735 0
1723097524437 1.438023308279565 0
1723097524438 1.434759069983273 0
1723097524438 1.431502954912906 0
1723097524439 1.4283019631968883 0
1723097524440 1.4252298409108342 0
1723097524441 1.4221548868983191 0
1723097524441 1.4191357347363975 0
1723097524442 1.4161702344076845 0
1723097524443 1.4133002796731722 0
1723097524443 1.4104395769042115 0
1723097524444 1.407605254938141 0
1723097524445 1.4047937963654347 0
1723097524446 1.4021179795160559 0
1723097524446 1.3994582832043871 0
1723097524447 1.3967891268808934 0
1723097524448 1.3941865838382865 0
1723097524449 1.391611633123935 0
1723097524449 1.3891476450595053 0
1723097524450 1.386643115035938 0
1723097524451 1.3842271438936713 0
1723097524452 1.3818102749921632 0
1723097524453 1.3793536057118667 0
1723097524454 1.377007950197942 0
1723097524454 1.3747110220180672 0
1723097524455 1.3724455736273957 0
1723097524456 1.3702251737684203 0
1723097524457 1.3680645547109807 0
1723097524457 1.3659051194351104 0
1723097524458 1.3637108259772563 0
1723097524459 1.3616092053344475 0
1723097524460 1.3595413705518136 0
