1723097531096 1.889037629009014 0
1723097531097 1.877737999524149 0
1723097531098 1.8666522385118187 0
1723097531099 1.855656605738328 0
1723097531100 1.845597119359816 0
1723097531101 1.8352065799456534 0
1723097531101 1.8249267509488973 0
1723097531102 1.8149459554332144 0
1723097531103 1.8049954427515515 0
1723097531104 1.795922259687439 0
1723097531104 1.7874133607917941 0
1723097531105 1.7781814414811863 0
1723097531106 1.7695888028459794 0
1723097531107 1.7613309684365708 0
1723097531107 1.7522980617014392 0
1723097531108 1.7436785946188735 0
1723097531109 1.7352856937140022 0
1723097531110 1.7270654622609123 0
1723097531110 1.7187709076702549 0
1723097531111 1.7105589232748948 0
1723097531112 1.7026679359711785 0
1723097531112 1.6946887328967821 0
1723097531113 1.686957325843799 0
1723097531114 1.679895520392831 0
1723097531115 1.6723543565851895 0
1723097531115 1.6649626068758177 0
1723097531116 1.6577634264977341 0
1723097531117 1.650673572184219 0
1723097531118 1.6438424093825375 0
1723097531118 1.6369235863029028 0
1723097531119 1.6305142405365884 0
1723097531120 1.623962040167671 0
1723097531121 1.6174471156870436 0
1723097531121 1.6109754847429039 0
1723097531122 1.6047975729347634 0
1723097531123 1.598677887590496 0
1723097531123 1.5926052067379015 0
1723097531124 1.5868257521881546 0
1723097531125 1.580982325992004 0
1723097531126 1.5752829258818697 0
1723097531126 1.5696373786115267 0
1723097531127 1.5643124433300422 0
1723097531128 1.5594175427521562 0
1723097531129 1.5540149372699406 0
1723097531129 1.5488520656965246 0
1723097531130 1.54366599679218 0
1723097531131 1.5388059439930506 0
1723097531131 1.5338651772480663 0
1723097531132 1.5289087201697897 0
1723097531133 1.5239748146129144 0
1723097531134 1.5192119676797045 0
1723097531134 1.514624756826291 0
1723097531135 1.510206307429841 0
1723097531136 1.5058503612351615 0
1723097531137 1.5012876812815492 0
1723097531137 1.4970081461199782 0
1723097531138 1.492761891992764 0
1723097531139 1.4886123516192202 0
1723097531139 1.484592432869383 0
1723097531140 1.480529177665194 0
1723097531141 1.476644481474221 0
1723097531142 1.4725889856219532 0
1723097531142 1.4686433825916732 0
1723097531143 1.4650260476628778 0
1723097531144 1.4612880168240798 0
1723097531145 1.4576792046380525 0
1723097531145 1.4541197722588715 0
1723097531146 1.4506105674640044 0
1723097531147 1.4471296858138198 0
1723097531148 1.4439045164493656 0
1723097531148 1.4404876599215357 0
1723097531149 1.4372790663132278 0
1723097531150 1.4344479841314046 0
1723097531150 1.4313291706727587 0
1723097531151 1.4279780220465979 0
1723097531152 1.4249465271938957 0
1723097531153 1.421942890814816 0
1723097531153 1.4194464886715044 0
1723097531154 1.416675991410427 0
1723097531155 1.4137456198970468 0
1723097531156 1.4108326488526581 0
1723097531156 1.4079560919098681 0
1723097531157 1.4053099451732214 0
1723097531158 1.4025171149573135 0
1723097531159 1.3998920183569306 0
1723097531159 1.3974644421014784 0
1723097531160 1.3948797320798025 0
1723097531161 1.3923274021546248 0
1723097531162 1.3897399072022119 0
1723097531162 1.3872414766988483 0
1723097531163 1.384737678138982 0
1723097531164 1.3825100134870891 0
1723097531165 1.38012295148297 0
1723097531165 1.3778116831806944 0
1723097531166 1.3755522570981376 0
1723097531167 1.3733146886768297 0
1723097531168 1.3709652554648926 0
1723097531169 1.3686998766880065 0
1723097531170 1.3666829833008889 0
1723097531170 1.3645795674093357 0
