1723097564018 1.8472291042769673 0
1723097564019 1.7992762728836011 0
1723097564020 1.7549399374389616 0
1723097564021 1.7146436602033874 0
1723097564022 1.6783494449898861 0
1723097564022 1.645235981967068 0
1723097564023 1.6148788676540342 0
1723097564024 1.5872603079846483 0
1723097564025 1.5622453901189532 0
1723097564026 1.5396112524323238 0
1723097564026 1.518346915120831 0
1723097564027 1.4991184348507052 0
1723097564028 1.481591842535168 0
1723097564029 1.4651583907386183 0
1723097564029 1.4506202985887633 0
1723097564030 1.437329234804527 0
1723097564031 1.4252766211478596 0
1723097564032 1.4139530619756062 0
1723097564032 1.40340303182775 0
1723097564033 1.3936492295272553 0
1723097564034 1.384892434144174 0
1723097564035 1.3769289584491118 0
1723097564035 1.3691790472675982 0
1723097564036 1.3622071198057857 0
1723097564037 1.3553735483471385 0
1723097564038 1.3491961136213864 0
1723097564038 1.3437658497446072 0
1723097564039 1.3387473121752478 0
1723097564040 1.3340161634285754 0
1723097564041 1.3295998029293017 0
1723097564041 1.3256536933212573 0
1723097564042 1.3215118628378013 0
1723097564043 1.3178415163000914 0
1723097564044 1.314148882427017 0
1723097564045 1.3104344026243615 0
1723097564045 1.3072992948548368 0
1723097564046 1.3043226561755636 0
1723097564047 1.3016161342910813 0
1723097564048 1.298549314389089 0
1723097564048 1.2961274858322296 0
1723097564049 1.2939513052574745 0
1723097564050 1.291895532659118 0
1723097564051 1.2896297054629469 0
1723097564051 1.2877522665562091 0
1723097564052 1.2857500647933626 0
1723097564053 1.284024182006815 0
1723097564054 1.2820073640026202 0
1723097564054 1.2799077005834092 0
1723097564055 1.2781920330243701 0
1723097564056 1.276345808901982 0
1723097564057 1.2748895077606799 0
1723097564058 1.273140844261956 0
1723097564058 1.2718236433653765 0
1723097564059 1.2703358190655785 0
1723097564060 1.268849457184497 0
1723097564061 1.267379782660609 0
1723097564061 1.2659663388118285 0
1723097564062 1.2648640297311677 0
1723097564063 1.2636358817923543 0
1723097564064 1.2622312119438361 0
1723097564065 1.261059414833984 0
1723097564066 1.259776103538742 0
1723097564066 1.2585575090657914 0
1723097564067 1.2578589452632403 0
1723097564068 1.2565181829630112 0
1723097564069 1.2555357754303775 0
1723097564069 1.2544571847829165 0
1723097564070 1.2532847975715462 0
1723097564071 1.2523640558189029 0
1723097564072 1.2516350968393175 0
1723097564073 1.2506395644677166 0
1723097564074 1.2496320244156764 0
1723097564074 1.248448864781083 0
1723097564075 1.2470321871987309 0
1723097564076 1.2462558636259164 0
1723097564077 1.2453801208192883 0
1723097564077 1.2441839277311888 0
1723097564078 1.2435203114102407 0
1723097564079 1.2427408224079042 0
1723097564080 1.241676381022462 0
1723097564080 1.2407896882385248 0
1723097564081 1.239362411380672 0
1723097564082 1.2388768748437873 0
1723097564083 1.2381686536678358 0
1723097564084 1.2372782393250683 0
1723097564084 1.2364667032411234 0
1723097564085 1.2361195519082921 0
1723097564086 1.2348875666363144 0
1723097564087 1.2345454530535536 0
1723097564087 1.233968303097951 0
1723097564088 1.233746816364745 0
1723097564089 1.2328387650777617 0
1723097564090 1.2320978999189212 0
1723097564091 1.231179650780667 0
1723097564092 1.2308600595530663 0
1723097564093 1.2295008917268162 0
1723097564093 1.2284269059018929 0
1723097564094 1.2272021883519584 0
1723097564095 1.2269292444241477 0
1723097564096 1.226360563871395 0
