1723097567337 1.8489337544471611 0
1723097567338 1.8000592776455107 0
1723097567338 1.757189331499253 0
1723097567339 1.7175974245563024 0
1723097567340 1.6816969731163758 0
1723097567341 1.6481911977555197 0
1723097567342 1.6185755681689977 0
1723097567343 1.5908692046313817 0
1723097567344 1.5656762038766716 0
1723097567344 1.5421251432858443 0
1723097567345 1.5208105063013162 0
1723097567346 1.5011681530555612 0
1723097567347 1.4829743427475974 0
1723097567347 1.4668769501528445 0
1723097567348 1.452086650537305 0
1723097567349 1.4386340618190423 0
1723097567350 1.4262173740809403 0
1723097567350 1.4148908929930428 0
1723097567351 1.403532270928258 0
1723097567352 1.3942587541277256 0
1723097567353 1.3850905925988999 0
1723097567353 1.377175720788841 0
1723097567354 1.3696409980143909 0
1723097567355 1.3624489724982431 0
1723097567356 1.356215376922077 0
1723097567356 1.3497710356636166 0
1723097567357 1.3437910381190048 0
1723097567358 1.3386919322791129 0
1723097567359 1.3336147535182996 0
1723097567359 1.3291200056524461 0
1723097567360 1.324924692953945 0
1723097567361 1.3207816642922352 0
1723097567362 1.3168956625322406 0
1723097567362 1.3134774796848339 0
1723097567363 1.3101168293104317 0
1723097567364 1.3070982885961264 0
1723097567365 1.3042237501904068 0
1723097567365 1.3016190356125688 0
1723097567366 1.2991103213358863 0
1723097567367 1.2968004344959767 0
1723097567368 1.294441951061976 0
1723097567369 1.2925224550770638 0
1723097567369 1.2903667812183885 0
1723097567370 1.2882992912209172 0
1723097567371 1.2866042068576602 0
1723097567371 1.284688630412797 0
1723097567372 1.2824627157501232 0
1723097567373 1.280998622470079 0
1723097567374 1.279243355526068 0
1723097567375 1.2774720949222185 0
1723097567375 1.275945950415378 0
1723097567376 1.273897693405502 0
1723097567377 1.2726158938915344 0
1723097567378 1.2711357049536993 0
1723097567378 1.269358868345167 0
1723097567379 1.2678689168959911 0
1723097567380 1.2666010314058345 0
1723097567381 1.26545765001735 0
1723097567381 1.2639167800102402 0
1723097567382 1.2624126245784255 0
1723097567383 1.2611887456408317 0
1723097567384 1.2601288544710993 0
1723097567384 1.2590564284865255 0
1723097567385 1.258095016114374 0
1723097567386 1.256842962496866 0
1723097567387 1.2561243486337044 0
1723097567387 1.254923980470572 0
1723097567388 1.2537104352133701 0
1723097567389 1.2528249637414302 0
1723097567390 1.2520638271959128 0
1723097567390 1.2513333430291618 0
1723097567391 1.2501666267136216 0
1723097567392 1.2494574995808807 0
1723097567393 1.2483632755025353 0
1723097567393 1.247173816747137 0
1723097567394 1.2462964154609817 0
1723097567395 1.2453196415075116 0
1723097567396 1.2446969736934532 0
1723097567397 1.2442280836774864 0
1723097567397 1.2432537155282302 0
1723097567398 1.2417706847059693 0
1723097567399 1.241135296372383 0
1723097567399 1.2403217994799793 0
1723097567400 1.2397226765176368 0
1723097567401 1.2392727745952723 0
1723097567402 1.2382963377605853 0
1723097567403 1.2378088159631593 0
1723097567403 1.2372446204645529 0
1723097567404 1.2360119741099325 0
1723097567405 1.2348527546668577 0
1723097567406 1.2341459375680697 0
1723097567406 1.233256997758829 0
1723097567407 1.2325705748068798 0
1723097567408 1.2321049931271224 0
1723097567409 1.2318164387695782 0
1723097567410 1.2309678779668585 0
1723097567411 1.2299293959872817 0
1723097567412 1.229699796128928 0
1723097567412 1.2284908376947394 0
1723097567413 1.2282738668059296 0
