1723097505123 1.892283452311862 0
1723097505124 1.8830554599909806 0
1723097505124 1.8739183354352384 0
1723097505125 1.8653600388764975 0
1723097505126 1.8569705110941932 0
1723097505127 1.8500413612731088 0
1723097505128 1.8423427183902956 0
1723097505128 1.8336158010824861 0
1723097505129 1.8251959366129316 0
1723097505130 1.8167257021445404 0
1723097505130 1.8097323673936523 0
1723097505131 1.8017212790809762 0
1723097505132 1.7940278881597433 0
1723097505132 1.7862179752905787 0
1723097505133 1.7787250857478416 0
1723097505134 1.771115325647575 0
1723097505134 1.764822170160399 0
1723097505135 1.7580578303265435 0
1723097505135 1.7520342792892196 0
1723097505136 1.7451934277491286 0
1723097505137 1.7384591464734496 0
1723097505137 1.7325343869691288 0
1723097505138 1.7267012939082853 0
1723097505139 1.7211176673227924 0
1723097505139 1.7152545531940415 0
1723097505140 1.709763804007535 0
1723097505141 1.7044799074516075 0
1723097505141 1.6996634975164806 0
1723097505142 1.6937130184986278 0
1723097505142 1.6884348271956169 0
1723097505143 1.682675006460755 0
1723097505144 1.6770201929952098 0
1723097505144 1.6713106938606797 0
1723097505145 1.6656998740023443 0
1723097505146 1.6600643256627756 0
1723097505147 1.6552435059541384 0
1723097505148 1.6514321727948789 0
1723097505150 1.6461920705149515 0
1723097505151 1.6410699161163662 0
1723097505152 1.636718149003893 0
1723097505153 1.6318142977721926 0
1723097505154 1.6277162700196304 0
1723097505155 1.6234870184260786 0
1723097505156 1.6191767108920516 0
1723097505157 1.6151735428720164 0
1723097505158 1.6104232178927531 0
1723097505159 1.6062280032393135 0
1723097505161 1.6016436396300164 0
1723097505162 1.5975145557987616 0
1723097505163 1.593326499764304 0
1723097505164 1.5888021771515437 0
1723097505164 1.5847248093298942 0
1723097505165 1.58036194651839 0
1723097505166 1.5774015052522015 0
1723097505167 1.5733965202966937 0
1723097505168 1.569501394293043 0
1723097505169 1.5656841932644368 0
1723097505170 1.5626468496644697 0
1723097505172 1.5587758950885926 0
1723097505173 1.5552092980099232 0
1723097505174 1.551404118213607 0
1723097505175 1.5477284539171958 0
1723097505177 1.5440564963677028 0
1723097505178 1.5404675725652968 0
1723097505179 1.5374161523748597 0
1723097505180 1.534778059362251 0
1723097505181 1.5313712811018059 0
1723097505182 1.5279746964942449 0
1723097505184 1.5247045321058228 0
1723097505185 1.5216571134699042 0
1723097505186 1.5186675589017067 0
1723097505187 1.5155535149355674 0
1723097505188 1.5124151981882943 0
1723097505189 1.5094451862366869 0
1723097505190 1.5065015682373477 0
1723097505192 1.503492810477557 0
1723097505193 1.5006163800163441 0
1723097505194 1.4980065929073643 0
1723097505195 1.4953422683405064 0
1723097505196 1.4926597215620225 0
1723097505197 1.4899952975152408 0
1723097505197 1.4874023624127761 0
1723097505198 1.4847700040684604 0
1723097505199 1.4822147475848995 0
1723097505199 1.4799640267531673 0
1723097505200 1.477413988153573 0
1723097505201 1.474967897452658 0
1723097505201 1.4724758338236996 0
1723097505202 1.4700871324361626 0
1723097505203 1.467889212049766 0
1723097505203 1.4655222872881735 0
1723097505204 1.463532224912754 0
1723097505205 1.4612033745685644 0
1723097505206 1.4589858235246604 0
1723097505207 1.4568336308141667 0
1723097505208 1.4546472854310433 0
1723097505212 1.4525127712246506 0
1723097505215 1.450459378484823 0
1723097505217 1.4484982203268337 0
1723097505217 1.4464393062396472 0
