1723097502206 1.8914031677768197 0
1723097502207 1.8820373548948313 0
1723097502208 1.8729511151903384 0
1723097502208 1.8639381420993466 0
1723097502209 1.8552720677978567 0
1723097502211 1.84639381329079 0
1723097502212 1.837883494392401 0
1723097502213 1.829318089334667 0
1723097502214 1.8211313814189771 0
1723097502215 1.8131287603447455 0
1723097502216 1.805246802426143 0
1723097502217 1.7974667537867912 0
1723097502218 1.7895429014099147 0
1723097502219 1.7817897127755868 0
1723097502220 1.7743073361950568 0
1723097502221 1.7670533538558566 0
1723097502222 1.7604220595844442 0
1723097502222 1.753735698505597 0
1723097502223 1.746603346548121 0
1723097502224 1.7399107578543531 0
1723097502224 1.7329393432227795 0
1723097502225 1.7261889422171797 0
1723097502226 1.7197594451848401 0
1723097502227 1.71333881305485 0
1723097502227 1.7073491533547653 0
1723097502228 1.701065861771159 0
1723097502229 1.6949076076900664 0
1723097502230 1.6887868612225085 0
1723097502230 1.683092621961774 0
1723097502231 1.677269234742749 0
1723097502232 1.6714536106720874 0
1723097502232 1.6658822097398913 0
1723097502233 1.6605244798250485 0
1723097502234 1.6556935039153855 0
1723097502235 1.650239848828747 0
1723097502235 1.6451500137525001 0
1723097502236 1.6399354008336475 0
1723097502237 1.6347736607701566 0
1723097502238 1.6298157203674402 0
1723097502238 1.625084183420682 0
1723097502239 1.6204303593803562 0
1723097502240 1.6157238854756781 0
1723097502241 1.6110549666885532 0
1723097502241 1.6064333595400473 0
1723097502242 1.602572564498215 0
1723097502243 1.5982532216666214 0
1723097502243 1.593849479806029 0
1723097502244 1.5895334646125452 0
1723097502245 1.5851170210679726 0
1723097502246 1.58140554027601 0
1723097502246 1.5776930901314923 0
1723097502247 1.5735775264463612 0
1723097502248 1.5695149482311652 0
1723097502249 1.565579490546781 0
1723097502249 1.5616844672370134 0
1723097502250 1.5580896111057396 0
1723097502251 1.5543037502039982 0
1723097502251 1.5506331353715057 0
1723097502252 1.547332720110343 0
1723097502253 1.5436765871803282 0
1723097502254 1.5401654763406607 0
1723097502254 1.536681024774363 0
1723097502255 1.5335704515773396 0
1723097502256 1.5302085186952108 0
1723097502256 1.5269240409788514 0
1723097502257 1.5238304457392893 0
1723097502258 1.5209978107661444 0
1723097502259 1.5178214303677386 0
1723097502259 1.5147784057761469 0
1723097502260 1.51175569139232 0
1723097502261 1.5087158588505016 0
1723097502262 1.5056849921222026 0
1723097502262 1.5027414244182649 0
1723097502263 1.5000208888660431 0
1723097502264 1.497200654056098 0
1723097502265 1.4944398208628782 0
1723097502265 1.49168155774556 0
1723097502266 1.4890401305711265 0
1723097502267 1.4863422585089694 0
1723097502267 1.4838184949771926 0
1723097502268 1.4812432205227388 0
1723097502269 1.4787088684214795 0
1723097502270 1.4762895299099525 0
1723097502270 1.4739183362348052 0
1723097502271 1.4715325572328282 0
1723097502272 1.469127763041091 0
1723097502273 1.4667880189554727 0
1723097502273 1.464684420361091 0
1723097502274 1.462703966982137 0
1723097502275 1.4604793289520952 0
1723097502275 1.4583986218027645 0
1723097502276 1.4561891419157524 0
1723097502277 1.4540700234007495 0
1723097502278 1.4521047111942262 0
1723097502279 1.4500087251798965 0
1723097502280 1.4479964108474899 0
1723097502280 1.4460602934959854 0
1723097502281 1.4441470612404153 0
1723097502282 1.4422069354031883 0
1723097502282 1.4402562778222265 0
