1723097573447 1.8486335322674976 0
1723097573447 1.8063461971570849 0
1723097573448 1.761411447485457 0
1723097573449 1.7221965726868773 0
1723097573450 1.6849495525934373 0
1723097573451 1.6547019253876427 0
1723097573452 1.6243047697647846 0
1723097573453 1.599147081561787 0
1723097573454 1.5741357677298218 0
1723097573454 1.5509825883855746 0
1723097573455 1.5295383771392919 0
1723097573456 1.5114371636353126 0
1723097573457 1.4929173393814936 0
1723097573457 1.4761666896308419 0
1723097573458 1.4602860005608265 0
1723097573459 1.4461608047963002 0
1723097573460 1.4333726344341953 0
1723097573460 1.4222970772711574 0
1723097573461 1.41194554256104 0
1723097573462 1.4020836939096715 0
1723097573463 1.3925184858837527 0
1723097573463 1.3837008934155113 0
1723097573464 1.375099135472841 0
1723097573465 1.3674248421010007 0
1723097573466 1.3601867551929072 0
1723097573466 1.353478895625307 0
1723097573467 1.3486097333763702 0
1723097573468 1.3434933267371347 0
1723097573469 1.3384806871731691 0
1723097573470 1.33382430774558 0
1723097573470 1.3286543437785125 0
1723097573471 1.3244969726468452 0
1723097573472 1.3206649025191466 0
1723097573473 1.3167536832721092 0
1723097573473 1.3131973114585933 0
1723097573474 1.3096215935505582 0
1723097573475 1.3065187014601576 0
1723097573476 1.3037206430766657 0
1723097573476 1.3008491767258703 0
1723097573477 1.2981616181493534 0
1723097573478 1.2958731247157522 0
1723097573479 1.2937554958446484 0
1723097573479 1.2917964171822718 0
1723097573480 1.28968951335106 0
1723097573481 1.2874992271461152 0
1723097573482 1.2853662078175696 0
1723097573482 1.283544485255285 0
1723097573483 1.2819219228095804 0
1723097573484 1.28031903251026 0
1723097573485 1.2784768475915977 0
1723097573486 1.277138133555375 0
1723097573486 1.2754239253709174 0
1723097573487 1.2739046555311815 0
1723097573488 1.272725219680434 0
1723097573489 1.270956641401084 0
1723097573489 1.2698542701038196 0
1723097573490 1.2687665953643434 0
1723097573491 1.267193480718969 0
1723097573492 1.2658138325776487 0
1723097573493 1.264611957716412 0
1723097573493 1.2632903563208089 0
1723097573494 1.2618896432694868 0
1723097573495 1.2608682259734119 0
1723097573496 1.259885129715801 0
1723097573496 1.2587731519574525 0
1723097573497 1.257834840783841 0
1723097573498 1.2568269070554474 0
1723097573499 1.2555558892477527 0
1723097573499 1.2545249348203398 0
1723097573500 1.2536857672424346 0
1723097573501 1.2527134766176735 0
1723097573502 1.251905392905561 0
1723097573502 1.251044166659565 0
1723097573503 1.2501758356889443 0
1723097573504 1.2491568643139639 0
1723097573505 1.2487021086282801 0
1723097573505 1.24796288412434 0
1723097573506 1.247248990327809 0
1723097573507 1.24638596916874 0
1723097573508 1.2453944817172868 0
1723097573509 1.2444347460823344 0
1723097573509 1.2435152523881146 0
1723097573510 1.2426614557151952 0
1723097573511 1.2421919449197076 0
1723097573512 1.2415359936718706 0
1723097573512 1.241039031812192 0
1723097573513 1.2405467029098134 0
1723097573514 1.240298142536004 0
1723097573515 1.239446756541446 0
1723097573515 1.2389638635537716 0
1723097573516 1.23797761578398 0
1723097573517 1.2370553612662374 0
1723097573518 1.236281827087471 0
1723097573519 1.2354883795773588 0
1723097573520 1.2345677468762521 0
1723097573521 1.2341293232862125 0
1723097573521 1.2337504965162691 0
1723097573522 1.2334632222886024 0
1723097573523 1.2327865100159827 0
1723097573524 1.232535170332056 0
