1723097511359 1.889843962802082 0
1723097511360 1.8791327805160913 0
1723097511361 1.868728327553008 0
1723097511362 1.8585305761030662 0
1723097511363 1.848532483272366 0
1723097511364 1.8386351538627048 0
1723097511365 1.828810849128859 0
1723097511365 1.8193839444813817 0
1723097511366 1.8099330103615798 0
1723097511367 1.8007769101341964 0
1723097511368 1.7917160877913993 0
1723097511368 1.7828020884912468 0
1723097511369 1.7742348217785908 0
1723097511370 1.7656794817750194 0
1723097511371 1.7572935931912694 0
1723097511371 1.749113204064788 0
1723097511372 1.7410374419943933 0
1723097511373 1.7331209683552298 0
1723097511374 1.725388212085827 0
1723097511374 1.7177637166831616 0
1723097511375 1.710389425424408 0
1723097511376 1.7030468090246438 0
1723097511376 1.6958171378121372 0
1723097511377 1.6886805201022594 0
1723097511378 1.6817447873218165 0
1723097511379 1.6749462098825478 0
1723097511379 1.6683488514435159 0
1723097511380 1.6617740067418938 0
1723097511381 1.6553589650785525 0
1723097511382 1.649025271047827 0
1723097511382 1.6427541139418613 0
1723097511383 1.6366556312539418 0
1723097511384 1.6306219410483282 0
1723097511385 1.6248286459406958 0
1723097511385 1.6190339994738658 0
1723097511386 1.6133315434191198 0
1723097511387 1.6078521325334738 0
1723097511387 1.6023716868754567 0
1723097511388 1.596953215951974 0
1723097511389 1.591632570375264 0
1723097511390 1.5864556608351916 0
1723097511391 1.5814126305262686 0
1723097511391 1.5764049422782982 0
1723097511392 1.5714896820657116 0
1723097511393 1.5666799002476688 0
1723097511394 1.5618847109494198 0
1723097511394 1.5572320613804869 0
1723097511395 1.5526261359854585 0
1723097511396 1.5480852714071471 0
1723097511397 1.543658262075071 0
1723097511397 1.5392445722180903 0
1723097511398 1.53496231845365 0
1723097511399 1.5308407355892943 0
1723097511400 1.5267178166580229 0
1723097511400 1.5226123178091477 0
1723097511401 1.5186735131275984 0
1723097511402 1.5147724717783329 0
1723097511403 1.5108289868978375 0
1723097511403 1.5069639773664638 0
1723097511404 1.5032712406308917 0
1723097511405 1.499544991348815 0
1723097511406 1.4960823180157117 0
1723097511406 1.4924943259855923 0
1723097511407 1.489054493022663 0
1723097511408 1.4855952419875937 0
1723097511409 1.4823831583616551 0
1723097511409 1.4791456411223076 0
1723097511410 1.4758618120606548 0
1723097511411 1.4727315527063194 0
1723097511411 1.469566219247523 0
1723097511412 1.46654588319203 0
1723097511413 1.4634923104487245 0
1723097511414 1.4607002759209142 0
1723097511414 1.4577571295255316 0
1723097511415 1.454938342969201 0
1723097511416 1.4520963302126606 0
1723097511417 1.4493829425808515 0
1723097511417 1.4466407510102297 0
1723097511418 1.4440796080999465 0
1723097511419 1.4414614338057954 0
1723097511420 1.4388776620466128 0
1723097511420 1.436296442889936 0
1723097511421 1.4338462465457746 0
1723097511422 1.4314566589311453 0
1723097511423 1.4290925667207852 0
1723097511423 1.4267830234980423 0
1723097511424 1.424430146200671 0
1723097511425 1.422216236448514 0
1723097511426 1.4200255096819059 0
1723097511426 1.4177941637124338 0
1723097511427 1.4156181831654275 0
1723097511428 1.4134598740578075 0
1723097511428 1.4113587178210945 0
1723097511429 1.4093452454392772 0
1723097511430 1.407227065641631 0
1723097511431 1.4052016168110917 0
1723097511432 1.4032887836861503 0
1723097511433 1.4012873046926717 0
1723097511433 1.3993826389485042 0
1723097511434 1.3974811436699432 0
