1723097577095 1.843093281652075 0
1723097577096 1.791344674762505 0
1723097577097 1.7434413732854384 0
1723097577098 1.6999235330859541 0
1723097577099 1.6610198350157173 0
1723097577100 1.6250654755154155 0
1723097577101 1.592901836030366 0
1723097577102 1.5632403391324212 0
1723097577103 1.5366668884037715 0
1723097577103 1.5125909826338442 0
1723097577104 1.4902746761421026 0
1723097577105 1.4696877412997904 0
1723097577106 1.451002618423551 0
1723097577106 1.433660382270777 0
1723097577107 1.4180627663980256 0
1723097577108 1.4036094152569223 0
1723097577109 1.3905803150201321 0
1723097577109 1.3778899766049597 0
1723097577110 1.3667487397642455 0
1723097577111 1.3556746023222281 0
1723097577112 1.345834282221573 0
1723097577112 1.3365625822944842 0
1723097577113 1.3283642004599552 0
1723097577114 1.3206166272064908 0
1723097577115 1.3135808142486274 0
1723097577115 1.3068314033314143 0
1723097577116 1.3004991144838272 0
1723097577117 1.2942849763588746 0
1723097577118 1.2889402861915187 0
1723097577119 1.284139376712771 0
1723097577119 1.279597400838731 0
1723097577120 1.2746249193366883 0
1723097577121 1.2706434419425956 0
1723097577122 1.266944544102705 0
1723097577122 1.2634990680848661 0
1723097577123 1.2600859073638195 0
1723097577124 1.2563584918575776 0
1723097577125 1.2525974839184735 0
1723097577125 1.24989327517763 0
1723097577126 1.2472595618595588 0
1723097577127 1.2448576221002072 0
1723097577128 1.242258860704107 0
1723097577128 1.2395584616527464 0
1723097577129 1.2370397875088632 0
1723097577130 1.2347830159637028 0
1723097577131 1.2316489019616579 0
1723097577132 1.2278694568157802 0
1723097577132 1.2260252999415904 0
1723097577133 1.223940880168462 0
1723097577134 1.2213412004000233 0
1723097577135 1.219316022793884 0
1723097577135 1.2177505562676043 0
1723097577136 1.2148274528473146 0
1723097577137 1.2130176994386304 0
1723097577138 1.2113761387714013 0
1723097577138 1.2095691531711679 0
1723097577139 1.2072266826014175 0
1723097577140 1.2048923432210927 0
1723097577141 1.202683815136406 0
1723097577141 1.2006842214034006 0
1723097577142 1.1992817494652077 0
1723097577143 1.1981328846925219 0
1723097577144 1.1967755814225747 0
1723097577144 1.1945751499381152 0
1723097577145 1.1931867369053617 0
1723097577146 1.1910152573827 0
1723097577147 1.1892122523577244 0
1723097577147 1.1878277719694266 0
1723097577148 1.1860025937538639 0
1723097577149 1.1837888866189568 0
1723097577150 1.1824766613427404 0
1723097577151 1.1804675347306592 0
1723097577151 1.1792946651825904 0
1723097577152 1.1777515823111546 0
1723097577153 1.1762615268216945 0
1723097577154 1.1752118891363732 0
1723097577154 1.174144146862762 0
1723097577155 1.1727409265967634 0
1723097577156 1.171270278947798 0
1723097577157 1.1703014082624195 0
1723097577157 1.1686743070275927 0
1723097577158 1.1674992221923948 0
1723097577159 1.1661917651807037 0
1723097577160 1.164514547528944 0
1723097577160 1.1631793766123262 0
1723097577161 1.1619442958574515 0
1723097577162 1.1602166674100494 0
1723097577163 1.1592406665941672 0
1723097577164 1.1575644324868442 0
1723097577164 1.1563471330650674 0
1723097577165 1.1548423219891168 0
1723097577166 1.1530679560836128 0
1723097577167 1.1516941288719253 0
1723097577168 1.1509012728741022 0
1723097577169 1.1496608848729497 0
1723097577170 1.1476010290262724 0
1723097577170 1.1463696333538258 0
1723097577171 1.144329218661206 0
1723097577172 1.1429719089060661 0
1723097577173 1.1420282069999315 0
