1723097580372 1.84336897352979 0
1723097580373 1.7916767252175416 0
1723097580374 1.7443300121964231 0
1723097580375 1.701036396824358 0
1723097580376 1.6620980598258894 0
1723097580377 1.6261121292578844 0
1723097580378 1.593427649762212 0
1723097580378 1.5638465380996323 0
1723097580379 1.5364771736982685 0
1723097580380 1.5119230819537086 0
1723097580381 1.4896709155930459 0
1723097580381 1.469423967655238 0
1723097580382 1.4511914838093796 0
1723097580383 1.4339006363650733 0
1723097580384 1.4185474270815832 0
1723097580384 1.404626702470049 0
1723097580385 1.3910140468436736 0
1723097580386 1.3787814144308435 0
1723097580387 1.3672079544779707 0
1723097580388 1.356845266537641 0
1723097580388 1.3473797609277425 0
1723097580389 1.3385424382638438 0
1723097580390 1.3300461867142213 0
1723097580391 1.3220656583521813 0
1723097580391 1.314707971488885 0
1723097580392 1.3075147793807442 0
1723097580393 1.3011466227684274 0
1723097580394 1.2952112852257385 0
1723097580394 1.2895943423536478 0
1723097580395 1.2843242250974323 0
1723097580396 1.2794293032297532 0
1723097580397 1.2748187064997276 0
1723097580398 1.2705915155472265 0
1723097580398 1.266458740599069 0
1723097580399 1.2625671701551313 0
1723097580400 1.2592482625022345 0
1723097580401 1.2562063611175778 0
1723097580401 1.2529260599865484 0
1723097580402 1.249547652460221 0
1723097580403 1.2465509005557824 0
1723097580404 1.2431256445110723 0
1723097580404 1.2404958136976154 0
1723097580405 1.2379810072326676 0
1723097580406 1.2356646723758584 0
1723097580407 1.2331182098872087 0
1723097580407 1.231013636558263 0
1723097580408 1.2292809482275502 0
1723097580409 1.227384518187604 0
1723097580410 1.224735432332973 0
1723097580410 1.2228536735287645 0
1723097580411 1.2209506521574687 0
1723097580412 1.2192769698253174 0
1723097580413 1.2176285875133543 0
1723097580414 1.2148258732440205 0
1723097580414 1.2125714750562337 0
1723097580415 1.2112179225587003 0
1723097580416 1.2088991999706782 0
1723097580417 1.2066179780334076 0
1723097580417 1.2045694582306432 0
1723097580418 1.2024741807518955 0
1723097580419 1.2003011859355206 0
1723097580420 1.1988634793362773 0
1723097580420 1.1965761422522112 0
1723097580421 1.1949241496223533 0
1723097580422 1.1929750222929993 0
1723097580423 1.1917462099625056 0
1723097580423 1.1901832711169416 0
1723097580424 1.1882112591532505 0
1723097580425 1.1862182144695652 0
1723097580426 1.1845634493993675 0
1723097580427 1.1829983939284234 0
1723097580427 1.1814775563633046 0
1723097580428 1.1798279011966806 0
1723097580429 1.1787830830083863 0
1723097580430 1.17761978946928 0
1723097580431 1.1755877534054229 0
1723097580431 1.1746541854986714 0
1723097580432 1.1735040561082213 0
1723097580433 1.1724426290763408 0
1723097580434 1.1716275384339854 0
1723097580434 1.1690425373530189 0
1723097580435 1.1680256041670098 0
1723097580436 1.1664995207103797 0
1723097580437 1.165541055910869 0
1723097580437 1.164274630998939 0
1723097580438 1.1635352435224549 0
1723097580439 1.1621563261029306 0
1723097580440 1.1609984046030473 0
1723097580441 1.1596719507822373 0
1723097580441 1.158927136957669 0
1723097580442 1.1579267388930077 0
1723097580443 1.157317436898848 0
1723097580444 1.1564434424878145 0
1723097580445 1.1558121967821602 0
1723097580446 1.154373986098853 0
1723097580447 1.1534052326076298 0
1723097580447 1.1528178383361534 0
1723097580448 1.1513380329100515 0
1723097580449 1.149732905300006 0
1723097580450 1.1486728992185542 0
