1723097557776 1.863494139502067 0
1723097557777 1.819130765783606 0
1723097557778 1.7843492770640976 0
1723097557778 1.7481355144355997 0
1723097557780 1.7176187594862755 0
1723097557781 1.6900486979594451 0
1723097557781 1.6606318753842604 0
1723097557782 1.6337393852066684 0
1723097557783 1.6090939195979805 0
1723097557783 1.587428539748342 0
1723097557784 1.5671877946384398 0
1723097557785 1.5483798076661182 0
1723097557786 1.5307628100454838 0
1723097557786 1.5152353773304015 0
1723097557787 1.5030486592806473 0
1723097557788 1.4885311556869634 0
1723097557790 1.4754766912506254 0
1723097557790 1.4650841472652445 0
1723097557791 1.454411790320208 0
1723097557792 1.4438575707406076 0
1723097557793 1.4360313547174375 0
1723097557794 1.427021810015275 0
1723097557795 1.418867681645861 0
1723097557795 1.4110743166322044 0
1723097557796 1.4049900896072918 0
1723097557797 1.398081087388739 0
1723097557798 1.3923510042681624 0
1723097557798 1.386135881235958 0
1723097557799 1.3806111138796777 0
1723097557800 1.3755483978168017 0
1723097557801 1.3705420863256312 0
1723097557802 1.3662787650064887 0
1723097557802 1.3627906192898422 0
1723097557803 1.3592412997466254 0
1723097557804 1.3553086327598187 0
1723097557805 1.3517838651034868 0
1723097557806 1.348514799596085 0
1723097557807 1.34530547365285 0
1723097557807 1.3424972270897917 0
1723097557808 1.3397416418875183 0
1723097557809 1.3370041731282114 0
1723097557810 1.334457784531996 0
1723097557810 1.3322020246258894 0
1723097557811 1.3302655940471235 0
1723097557812 1.3281973588383318 0
1723097557813 1.3265153422612888 0
1723097557814 1.3246562551144943 0
1723097557814 1.3233406939443875 0
1723097557815 1.3214984368392524 0
1723097557816 1.3196436735806532 0
1723097557817 1.318118408416186 0
1723097557817 1.3167301684913633 0
1723097557818 1.3154317867001921 0
1723097557819 1.3140502845146687 0
1723097557820 1.3124553341262506 0
1723097557820 1.3111858808532595 0
1723097557821 1.3100284959025617 0
1723097557822 1.30882525279933 0
1723097557823 1.3077743389759626 0
1723097557823 1.3066222218146388 0
1723097557824 1.3055648343479913 0
1723097557825 1.3043595326641264 0
1723097557826 1.303530392661993 0
1723097557826 1.302466401290486 0
1723097557827 1.3015463053344576 0
1723097557828 1.3007431721604688 0
1723097557829 1.2998330884197917 0
1723097557829 1.2989776820591483 0
1723097557830 1.2982277559525972 0
1723097557831 1.297503801617184 0
1723097557832 1.2967398446125329 0
1723097557832 1.2958009299529334 0
1723097557833 1.2951887175118897 0
1723097557834 1.294491320191785 0
1723097557835 1.293773505737868 0
1723097557835 1.2931552869591911 0
1723097557836 1.2924617136554775 0
1723097557837 1.291964918499627 0
1723097557838 1.2912553494099392 0
1723097557838 1.290800360673655 0
1723097557839 1.2902312434084 0
1723097557840 1.289814326395254 0
1723097557841 1.289289400284815 0
1723097557841 1.2887610743328803 0
1723097557842 1.2884531304004803 0
1723097557843 1.2878930500026773 0
1723097557844 1.2874380007662567 0
1723097557844 1.2868321631691173 0
1723097557845 1.2864736346492884 0
1723097557846 1.285920106776442 0
1723097557847 1.2855779137145378 0
1723097557848 1.2851714220693955 0
1723097557849 1.2847544524354988 0
1723097557850 1.2843034881788515 0
1723097557850 1.2841075888325253 0
1723097557851 1.2837412169260882 0
1723097557852 1.2833077148263077 0
1723097557853 1.2828625320068356 0
1723097557853 1.2823079805667486 0
1723097557854 1.282176219785211 0
